chr1	33870510	34086547	[ 0.00019968         nan         nan]	0	0	216037	0.0000000
chr1	74088398	74332880	[ 0.00019968         nan         nan]	0	0	244482	0.0000000
chr1	74373853	74641099	[ 0.00019968         nan         nan]	0	0	267246	0.0000000
chr1	89885299	90113117	[ 0.00019968         nan         nan]	0	0	227818	0.0000000
chr1	194770750	194985993	[ 0.00019968         nan         nan]	0	0	215243	0.0000000
chr1	230075255	230321976	[ 0.00019968         nan         nan]	0	0	246721	0.0000000
chr1	238003942	238216124	[ 0.00019968         nan         nan]	0	0	212182	0.0000000
chr1	242807013	243032937	[ 0.00019968         nan         nan]	0	0	225924	0.0000000
chr1	247871833	248160090	[ 0.00279553         nan         nan]	0	0	288257	0.0000000
chr2	314968	694521	[ 0.00039936         nan         nan]	0	0	379553	0.0000000
chr2	315309	841550	[ 0.00059904         nan         nan]	0	0	526241	0.0000000
chr2	17937146	18216823	[ 0.00019968         nan         nan]	0	0	279677	0.0000000
chr2	32673976	32965429	[ 0.00059904         nan         nan]	1	168995	291453	0.5798362
chr2	39705078	39930345	[ 0.00019968         nan         nan]	0	0	225267	0.0000000
chr2	57732112	57956605	[ 0.00019968         nan         nan]	0	0	224493	0.0000000
chr2	58802534	59219776	[ 0.00019968         nan         nan]	0	0	417242	0.0000000
chr2	86282713	86510932	[ 0.00059904         nan         nan]	0	0	228219	0.0000000
chr2	121240725	121470526	[ 0.00019968         nan         nan]	0	0	229801	0.0000000
chr2	121572973	121794938	[ 0.00019968         nan         nan]	0	0	221965	0.0000000
chr2	122552887	122910213	[ 0.00039936         nan         nan]	0	0	357326	0.0000000
chr2	122656507	122897167	[ 0.00039936         nan         nan]	0	0	240660	0.0000000
chr2	125912035	126165461	[ 0.00019968         nan         nan]	0	0	253426	0.0000000
chr2	129029046	129279181	[ 0.00019968         nan         nan]	0	0	250135	0.0000000
chr2	129490150	129697515	[ 0.00019968         nan         nan]	0	0	207365	0.0000000
chr2	132522461	132765006	[ 0.00019968         nan         nan]	0	0	242545	0.0000000
chr2	167504609	167784872	[ 0.00019968         nan         nan]	0	0	280263	0.0000000
chr2	178482855	178704685	[ 0.00019968         nan         nan]	0	0	221830	0.0000000
chr2	212645589	212850273	[ 0.00019968         nan         nan]	1	204684	204684	1.0000000
chr2	213179699	213394515	[ 0.00019968         nan         nan]	1	214816	214816	1.0000000
chr3	7550753	7794490	[ 0.00039936         nan         nan]	0	0	243737	0.0000000
chr3	27025369	27285480	[ 0.00019968         nan         nan]	0	0	260111	0.0000000
chr3	27217588	27421081	[ 0.00019968         nan         nan]	0	0	203493	0.0000000
chr3	37358299	37570384	[ 0.00019968         nan         nan]	0	0	212085	0.0000000
chr3	37709974	37918448	[ 0.00019968         nan         nan]	0	0	208474	0.0000000
chr3	41914946	42171186	[ 0.00019968         nan         nan]	0	0	256240	0.0000000
chr3	62988224	63196657	[ 0.00039936         nan         nan]	0	0	208433	0.0000000
chr3	76187088	76578831	[ 0.00019968         nan         nan]	0	0	391743	0.0000000
chr3	89539815	89797083	[ 0.00019968         nan         nan]	0	0	257268	0.0000000
chr3	89850276	90177384	[ 0.00039936         nan         nan]	0	0	327108	0.0000000
chr3	117166590	117625159	[ 0.00059904         nan         nan]	0	0	458569	0.0000000
chr3	120705527	121356606	[ 0.00019968         nan         nan]	1	114337	651079	0.1756116
chr3	130991200	131191202	[ 0.00059904         nan         nan]	0	0	200002	0.0000000
chr3	134858617	135090769	[ 0.00019968         nan         nan]	0	0	232152	0.0000000
chr3	141818647	142030660	[ 0.00059904         nan         nan]	0	0	212013	0.0000000
chr3	183186625	183410607	[ 0.00019968         nan         nan]	0	0	223982	0.0000000
chr3	197394524	197638445	[ 0.00019968         nan         nan]	0	0	243921	0.0000000
chr4	63889117	64139415	[ 0.00019968         nan         nan]	0	0	250298	0.0000000
chr4	68791289	69008212	[ 0.00019968         nan         nan]	0	0	216923	0.0000000
chr4	73818584	74058231	[ 0.00019968         nan         nan]	0	0	239647	0.0000000
chr4	81740416	82140390	[ 0.00019968         nan         nan]	0	0	399974	0.0000000
chr4	93099792	93423943	[ 0.00019968         nan         nan]	0	0	324151	0.0000000
chr4	116775190	116978184	[ 0.00019968         nan         nan]	0	0	202994	0.0000000
chr4	117012519	117244731	[ 0.00019968         nan         nan]	0	0	232212	0.0000000
chr4	122901628	123104964	[ 0.00019968         nan         nan]	0	0	203336	0.0000000
chr4	124926445	125206843	[ 0.00019968         nan         nan]	0	0	280398	0.0000000
chr4	140614080	140872746	[ 0.00059904         nan         nan]	0	0	258666	0.0000000
chr4	157880098	158083853	[ 0.00019968         nan         nan]	0	0	203755	0.0000000
chr4	175764366	175965438	[ 0.00019968         nan         nan]	0	0	201072	0.0000000
chr4	176163982	176377488	[ 0.00019968         nan         nan]	0	0	213506	0.0000000
chr4	177065909	177307632	[ 0.00019968         nan         nan]	0	0	241723	0.0000000
chr4	186929857	187134219	[ 0.00219649         nan         nan]	0	0	204362	0.0000000
chr4	188535967	188837647	[ 0.00059904         nan         nan]	0	0	301680	0.0000000
chr5	4950685	5421029	[ 0.00019968         nan         nan]	0	0	470344	0.0000000
chr5	13792100	14184282	[ 0.00019968         nan         nan]	0	0	392182	0.0000000
chr5	13816947	14092729	[ 0.00019968         nan         nan]	0	0	275782	0.0000000
chr5	26892727	27234012	[ 0.00019968         nan         nan]	0	0	341285	0.0000000
chr5	29860379	30121293	[ 0.00019968         nan         nan]	0	0	260914	0.0000000
chr5	30527565	30787848	[ 0.00019968         nan         nan]	0	0	260283	0.0000000
chr5	31135050	31452135	[ 0.00019968         nan         nan]	1	50596	317085	0.1595660
chr5	32735996	32960283	[ 0.00019968         nan         nan]	0	0	224287	0.0000000
chr5	34258998	34564136	[ 0.00019968         nan         nan]	0	0	305138	0.0000000
chr5	34661891	34882683	[ 0.00019968         nan         nan]	0	0	220792	0.0000000
chr5	38221667	38446117	[ 0.00059904         nan         nan]	0	0	224450	0.0000000
chr5	39385249	39627532	[ 0.00019968         nan         nan]	0	0	242283	0.0000000
chr5	41591881	41992855	[ 0.00019968         nan         nan]	0	0	400974	0.0000000
chr5	42236816	42493136	[ 0.00019968         nan         nan]	0	0	256320	0.0000000
chr5	61624018	61833468	[ 0.00059904         nan         nan]	0	0	209450	0.0000000
chr5	156266556	156482065	[ 0.00019968         nan         nan]	0	0	215509	0.0000000
chr5	158703831	158905328	[ 0.00059904         nan         nan]	0	0	201497	0.0000000
chr5	164034726	164251255	[ 0.00019968         nan         nan]	0	0	216529	0.0000000
chr5	178726268	178935685	[ 0.00119808         nan         nan]	0	0	209417	0.0000000
chr6	17715610	17949453	[ 0.00059904         nan         nan]	0	0	233843	0.0000000
chr6	28533516	28751023	[ 0.00019968         nan         nan]	0	0	217507	0.0000000
chr6	29128515	29334555	[ 0.00019968         nan         nan]	0	0	206040	0.0000000
chr6	62704592	62920556	[ 0.00019968         nan         nan]	0	0	215964	0.0000000
chr6	90156288	90394830	[ 0.00019968         nan         nan]	0	0	238542	0.0000000
chr6	101198060	101411646	[ 0.00019968         nan         nan]	0	0	213586	0.0000000
chr6	104056023	104287477	[ 0.00019968         nan         nan]	0	0	231454	0.0000000
chr6	115222670	115491537	[ 0.00019968         nan         nan]	0	0	268867	0.0000000
chr6	129069774	129366135	[ 0.00039936         nan         nan]	0	0	296361	0.0000000
chr6	129281305	129669766	[ 0.00039936         nan         nan]	0	0	388461	0.0000000
chr6	129573864	129835294	[ 0.00039936         nan         nan]	0	0	261430	0.0000000
chr6	130169321	130397723	[ 0.00119808         nan         nan]	0	0	228402	0.0000000
chr6	141193473	141461494	[ 0.00019968         nan         nan]	0	0	268021	0.0000000
chr6	160588961	160800892	[ 0.00019968         nan         nan]	0	0	211931	0.0000000
chr6	161351815	161568053	[ 0.00039936         nan         nan]	0	0	216238	0.0000000
chr6	162274215	162489106	[ 0.00019968         nan         nan]	0	0	214891	0.0000000
chr6	167941586	168156763	[ 0.00019968         nan         nan]	0	0	215177	0.0000000
chr7	2961317	3314341	[ 0.00039936         nan         nan]	1	36823	353024	0.1043074
chr7	14061369	14277015	[ 0.00079872         nan         nan]	0	0	215646	0.0000000
chr7	15285714	15534529	[ 0.00019968         nan         nan]	0	0	248815	0.0000000
chr7	25997981	26240339	[ 0.00019968         nan         nan]	1	8061	242358	0.0332607
chr7	31686147	31927714	[ 0.00019968         nan         nan]	0	0	241567	0.0000000
chr7	47070504	47429321	[ 0.00019968         nan         nan]	0	0	358817	0.0000000
chr7	47635793	48072120	[ 0.00019968         nan         nan]	0	0	436327	0.0000000
chr7	56117100	56397217	[ 0.00019968         nan         nan]	0	0	280117	0.0000000
chr7	133623157	133940410	[ 0.00019968         nan         nan]	0	0	317253	0.0000000
chr7	133949793	134209489	[ 0.00019968         nan         nan]	0	0	259696	0.0000000
chr7	149487134	149736289	[ 0.00399361         nan         nan]	0	0	249155	0.0000000
chr7	153479955	153702587	[ 0.00359425         nan         nan]	0	0	222632	0.0000000
chr7	158317822	158530875	[ 0.00019968         nan         nan]	0	0	213053	0.0000000
chr8	196767	690082	[ 0.00079872         nan         nan]	0	0	493315	0.0000000
chr8	4189407	4437928	[ 0.0009984        nan        nan]	0	0	248521	0.0000000
chr8	4795505	5163019	[ 0.00079872         nan         nan]	0	0	367514	0.0000000
chr8	4807910	5060247	[ 0.0009984        nan        nan]	0	0	252337	0.0000000
chr8	14054820	14366809	[ 0.00019968         nan         nan]	0	0	311989	0.0000000
chr8	20200833	20441209	[ 0.00039936         nan         nan]	0	0	240376	0.0000000
chr8	126346296	126575731	[ 0.00019968         nan         nan]	0	0	229435	0.0000000
chr8	138475895	138797271	[ 0.00019968         nan         nan]	0	0	321376	0.0000000
chr8	140107246	140323055	[ 0.00019968         nan         nan]	0	0	215809	0.0000000
chr9	252465	489287	[ 0.00119808         nan         nan]	0	0	236822	0.0000000
chr9	319775	547052	[ 0.00119808         nan         nan]	0	0	227277	0.0000000
chr9	6745216	6962830	[ 0.00059904         nan         nan]	0	0	217614	0.0000000
chr9	17997359	18281754	[ 0.00019968         nan         nan]	0	0	284395	0.0000000
chr9	80918404	81153779	[ 0.00019968         nan         nan]	0	0	235375	0.0000000
chr9	92312198	92732652	[ 0.00039936         nan         nan]	0	0	420454	0.0000000
chr9	115379103	115592882	[ 0.00279553         nan         nan]	0	0	213779	0.0000000
chr9	134527127	134762646	[ 0.00019968         nan         nan]	0	0	235519	0.0000000
chr10	6146661	6361141	[ 0.00019968         nan         nan]	0	0	214480	0.0000000
chr10	29371871	29585430	[ 0.00019968         nan         nan]	0	0	213559	0.0000000
chr10	37483620	37740789	[ 0.00019968         nan         nan]	0	0	257169	0.0000000
chr10	79369487	79595193	[ 0.00019968         nan         nan]	0	0	225706	0.0000000
chr10	86623452	86930338	[ 0.00059904         nan         nan]	0	0	306886	0.0000000
chr10	86794536	87022939	[ 0.00019968         nan         nan]	0	0	228403	0.0000000
chr10	90484737	90763064	[ 0.00019968         nan         nan]	1	12430	278327	0.0446597
chr10	107100763	107317898	[ 0.00059904         nan         nan]	0	0	217135	0.0000000
chr10	116636290	116883372	[ 0.00019968         nan         nan]	0	0	247082	0.0000000
chr10	118901368	119184715	[ 0.00019968         nan         nan]	0	0	283347	0.0000000
chr10	122486271	122770533	[ 0.00019968         nan         nan]	0	0	284262	0.0000000
chr10	127924952	128142477	[ 0.00019968         nan         nan]	0	0	217525	0.0000000
chr10	133245153	133473311	[ 0.00059904         nan         nan]	0	0	228158	0.0000000
chr10	134136386	134364854	[ 0.00019968         nan         nan]	0	0	228468	0.0000000
chr10	134702516	134928191	[ 0.00039936         nan         nan]	0	0	225675	0.0000000
chr11	12744011	12946642	[ 0.00019968         nan         nan]	0	0	202631	0.0000000
chr11	21309970	21591587	[ 0.00019968         nan         nan]	0	0	281617	0.0000000
chr11	26983712	27251286	[ 0.00019968         nan         nan]	0	0	267574	0.0000000
chr11	31534573	31831106	[ 0.00019968         nan         nan]	0	0	296533	0.0000000
chr11	73936645	74539988	[ 0.00119808         nan         nan]	0	0	603343	0.0000000
chr11	74027538	74539358	[ 0.00019968         nan         nan]	0	0	511820	0.0000000
chr11	86371765	86756607	[ 0.00019968         nan         nan]	0	0	384842	0.0000000
chr11	93218472	93677483	[ 0.00019968         nan         nan]	0	0	459011	0.0000000
chr11	99789700	100112804	[ 0.00019968         nan         nan]	0	0	323104	0.0000000
chr11	106940899	107202602	[ 0.00079872         nan         nan]	0	0	261703	0.0000000
chr11	107611704	107823923	[ 0.00039936         nan         nan]	0	0	212219	0.0000000
chr11	108478680	108720005	[ 0.00019968         nan         nan]	1	184124	241325	0.7629711
chr11	132953768	133158580	[ 0.0726837        nan        nan]	0	0	204812	0.0000000
chr11	132954727	133268340	[ 0.00019968         nan         nan]	0	0	313613	0.0000000
chr11	134346368	134613348	[ 0.0009984        nan        nan]	0	0	266980	0.0000000
chr12	73810891	74095489	[ 0.00019968         nan         nan]	0	0	284598	0.0000000
chr12	84026755	84264603	[ 0.00019968         nan         nan]	0	0	237848	0.0000000
chr12	109922814	110138659	[ 0.00119808         nan         nan]	0	0	215845	0.0000000
chr12	124774314	125032964	[ 0.00019968         nan         nan]	1	169849	258650	0.6566750
chr12	129393888	129671876	[ 0.00019968         nan         nan]	0	0	277988	0.0000000
chr12	130008238	130256986	[ 0.0672923        nan        nan]	0	0	248748	0.0000000
chr12	130860279	131092219	[ 0.057508       nan       nan]	0	0	231940	0.0000000
chr12	131626338	131842208	[ 0.00059904         nan         nan]	0	0	215870	0.0000000
chr13	19789697	20013234	[ 0.00019968         nan         nan]	0	0	223537	0.0000000
chr13	20181539	20483256	[ 0.00159744         nan         nan]	0	0	301717	0.0000000
chr13	23483512	23707103	[ 0.00019968         nan         nan]	0	0	223591	0.0000000
chr13	24585765	24955735	[ 0.00019968         nan         nan]	0	0	369970	0.0000000
chr13	43488676	43843832	[ 0.00079872         nan         nan]	0	0	355156	0.0000000
chr13	43488700	43868421	[ 0.00039936         nan         nan]	0	0	379721	0.0000000
chr13	104492206	104902672	[ 0.00019968         nan         nan]	0	0	410466	0.0000000
chr13	106780264	107180682	[ 0.00019968         nan         nan]	0	0	400418	0.0000000
chr14	85018695	85292037	[ 0.00019968         nan         nan]	0	0	273342	0.0000000
chr14	85942947	86153989	[ 0.00019968         nan         nan]	0	0	211042	0.0000000
chr14	86835202	87177225	[ 0.00019968         nan         nan]	0	0	342023	0.0000000
chr14	88929909	89130748	[ 0.00019968         nan         nan]	0	0	200839	0.0000000
chr14	89878851	90082805	[ 0.00019968         nan         nan]	0	0	203954	0.0000000
chr14	90084784	90421901	[ 0.00059904         nan         nan]	0	0	337117	0.0000000
chr14	90848544	91074011	[ 0.00019968         nan         nan]	0	0	225467	0.0000000
chr14	95790417	96019300	[ 0.00059904         nan         nan]	0	0	228883	0.0000000
chr14	99743946	100066897	[ 0.00019968         nan         nan]	0	0	322951	0.0000000
chr15	31110505	31330839	[ 0.00019968         nan         nan]	0	0	220334	0.0000000
chr15	31363407	31617279	[ 0.00019968         nan         nan]	0	0	253872	0.0000000
chr15	32060172	32271079	[ 0.00219649         nan         nan]	0	0	210907	0.0000000
chr15	37406689	37670705	[ 0.00019968         nan         nan]	0	0	264016	0.0000000
chr15	53887397	54200577	[ 0.00019968         nan         nan]	0	0	313180	0.0000000
chr15	85822261	86177229	[ 0.00059904         nan         nan]	0	0	354968	0.0000000
chr15	94567981	94796520	[ 0.00019968         nan         nan]	0	0	228539	0.0000000
chr16	313247	555590	[ 0.00019968         nan         nan]	1	58903	242343	0.2430563
chr16	5007959	5357306	[ 0.00019968         nan         nan]	0	0	349347	0.0000000
chr16	15796613	16096714	[ 0.00059904         nan         nan]	1	129441	300101	0.4313248
chr16	16102084	16308131	[ 0.00079872         nan         nan]	0	0	206047	0.0000000
chr16	17573419	18025142	[ 0.00039936         nan         nan]	0	0	451723	0.0000000
chr16	50688165	50888604	[ 0.00019968         nan         nan]	1	46809	200439	0.2335324
chr17	34920539	35265627	[ 0.00039936         nan         nan]	0	0	345088	0.0000000
chr17	35117732	35481805	[ 0.00039936         nan         nan]	0	0	364073	0.0000000
chr17	35766646	35970992	[ 0.00039936         nan         nan]	0	0	204346	0.0000000
chr17	39054216	39275194	[ 0.00019968         nan         nan]	0	0	220978	0.0000000
chr17	41438739	41655202	[ 0.00019968         nan         nan]	1	17098	216463	0.0789881
chr17	72237894	72448063	[ 0.00079872         nan         nan]	0	0	210169	0.0000000
chr18	340957	547583	[ 0.00019968         nan         nan]	0	0	206626	0.0000000
chr18	38786528	39335240	[ 0.00039936         nan         nan]	0	0	548712	0.0000000
chr18	43576596	43788953	[ 0.00019968         nan         nan]	0	0	212357	0.0000000
chr18	61669363	61952589	[ 0.00019968         nan         nan]	0	0	283226	0.0000000
chr19	27839079	28640114	[ 0.00059904         nan         nan]	0	0	801035	0.0000000
chr19	28682514	28891125	[ 0.00019968         nan         nan]	0	0	208611	0.0000000
chr19	56354761	56587366	[ 0.00019968         nan         nan]	0	0	232605	0.0000000
chr20	1607064	1841726	[ 0.00019968         nan         nan]	0	0	234662	0.0000000
chr20	25085246	25344647	[ 0.00059904         nan         nan]	0	0	259401	0.0000000
chr20	25102088	25348338	[ 0.00039936         nan         nan]	0	0	246250	0.0000000
chr20	46789256	46995815	[ 0.00019968         nan         nan]	0	0	206559	0.0000000
chr20	48226923	48473643	[ 0.00019968         nan         nan]	0	0	246720	0.0000000
chr21	15467902	15711993	[ 0.00019968         nan         nan]	0	0	244091	0.0000000
chr22	23440148	23657220	[ 0.00019968         nan         nan]	1	134072	217072	0.6176384
chr22	49508626	49909251	[ 0.00019968         nan         nan]	0	0	400625	0.0000000
chrX	13949683	14156025	[ 0.         0.0005298        nan]	0	0	206342	0.0000000
chrX	14147644	14366811	[ 0.         0.0002649        nan]	0	0	219167	0.0000000
chrX	17246632	17497934	[ 0.         0.0002649        nan]	0	0	251302	0.0000000
chrX	42060699	42284712	[ 0.         0.0002649        nan]	0	0	224013	0.0000000
chrX	111667087	111936181	[ 0.         0.0007947        nan]	0	0	269094	0.0000000
chrX	114059856	114424105	[ 0.         0.0002649        nan]	0	0	364249	0.0000000
