chr1	102656055	102861233	[ 0.00059904         nan         nan]	0	0	205178	0.0000000
chr1	106012275	106235113	[ 0.00019968         nan         nan]	0	0	222838	0.0000000
chr1	114053474	114409284	[ 0.00019968         nan         nan]	0	0	355810	0.0000000
chr1	114075868	114701532	[ 0.00019968         nan         nan]	0	0	625664	0.0000000
chr1	163978613	164291546	[ 0.00019968         nan         nan]	0	0	312933	0.0000000
chr1	189325961	189544439	[ 0.00539137         nan         nan]	0	0	218478	0.0000000
chr1	189327193	189545625	[ 0.00379393  0.                 nan]	0	0	218432	0.0000000
chr1	195450774	196025651	[ 0.00019968         nan         nan]	0	0	574877	0.0000000
chr1	195456421	195679863	[ 0.00019968         nan         nan]	0	0	223442	0.0000000
chr1	198285722	198738212	[ 0.00019968         nan         nan]	1	116905	452490	0.2583593
chr1	247123161	247343569	[ 0.00019968         nan         nan]	0	0	220408	0.0000000
chr2	15164830	15488647	[ 0.00019968         nan         nan]	0	0	323817	0.0000000
chr2	50853582	51080910	[ 0.00019968         nan         nan]	0	0	227328	0.0000000
chr2	78263800	78635554	[ 0.00039936         nan         nan]	0	0	371754	0.0000000
chr2	97742541	98066685	[ 0.00878594         nan         nan]	0	0	324144	0.0000000
chr2	106895495	107134210	[ 0.00039936         nan         nan]	1	63069	238715	0.2642021
chr2	115155269	115483620	[ 0.00019968         nan         nan]	0	0	328351	0.0000000
chr2	116727450	117418991	[ 0.00019968         nan         nan]	0	0	691541	0.0000000
chr2	117499850	117741414	[ 0.00019968         nan         nan]	0	0	241564	0.0000000
chr2	135751759	136075430	[ 0.00019968         nan         nan]	0	0	323671	0.0000000
chr2	137949693	138251250	[ 0.00019968         nan         nan]	0	0	301557	0.0000000
chr2	152427990	154686227	[ 0.00019968         nan         nan]	0	0	2258237	0.0000000
chr2	162477168	162742754	[ 0.00019968         nan         nan]	0	0	265586	0.0000000
chr3	427457	923439	[ 0.00039936         nan         nan]	0	0	495982	0.0000000
chr3	3999128	4202019	[ 0.00039936         nan         nan]	0	0	202891	0.0000000
chr3	59874119	60144792	[ 0.00019968         nan         nan]	1	270673	270673	1.0000000
chr3	75423612	75642120	[ 0.0167732        nan        nan]	0	0	218508	0.0000000
chr3	104101586	104784210	[ 0.00019968         nan         nan]	0	0	682624	0.0000000
chr3	115838877	116085721	[ 0.00019968         nan         nan]	0	0	246844	0.0000000
chr3	116508325	116718547	[ 0.00039936         nan         nan]	0	0	210222	0.0000000
chr3	154691694	154914007	[ 0.00039936         nan         nan]	0	0	222313	0.0000000
chr3	155060788	155292019	[ 0.00019968         nan         nan]	0	0	231231	0.0000000
chr3	155200756	155409638	[ 0.00019968         nan         nan]	0	0	208882	0.0000000
chr3	158549548	158785269	[ 0.00039936         nan         nan]	0	0	235721	0.0000000
chr3	163158528	163410210	[ 0.00019968         nan         nan]	0	0	251682	0.0000000
chr3	165447770	165661430	[ 0.00019968         nan         nan]	0	0	213660	0.0000000
chr3	166010208	166418186	[ 0.00019968         nan         nan]	0	0	407978	0.0000000
chr3	194313045	194519814	[ 0.00019968         nan         nan]	0	0	206769	0.0000000
chr4	3897463	4171386	[ 0.00219649         nan         nan]	0	0	273923	0.0000000
chr4	11626333	11860393	[ 0.00019968         nan         nan]	0	0	234060	0.0000000
chr4	32138454	32348215	[ 0.00019968         nan         nan]	0	0	209761	0.0000000
chr4	36112912	36505453	[ 0.00019968         nan         nan]	0	0	392541	0.0000000
chr4	56422734	56694730	[ 0.00019968         nan         nan]	0	0	271996	0.0000000
chr4	98725483	98941424	[ 0.00079872         nan         nan]	0	0	215941	0.0000000
chr4	105744959	105988099	[ 0.00019968         nan         nan]	0	0	243140	0.0000000
chr4	127428048	127701663	[ 0.00059904         nan         nan]	0	0	273615	0.0000000
chr4	131252379	131480233	[ 0.00019968         nan         nan]	0	0	227854	0.0000000
chr4	144748101	144978826	[ 0.00199681         nan         nan]	0	0	230725	0.0000000
chr4	171860435	172075914	[ 0.00019968         nan         nan]	0	0	215479	0.0000000
chr4	175944881	176191325	[ 0.00039936         nan         nan]	0	0	246444	0.0000000
chr4	178525772	178847333	[ 0.00019968         nan         nan]	0	0	321561	0.0000000
chr4	179867819	180075849	[ 0.00019968         nan         nan]	0	0	208030	0.0000000
chr4	188264979	188551921	[ 0.00019968         nan         nan]	0	0	286942	0.0000000
chr4	189130696	189512937	[ 0.00039936         nan         nan]	0	0	382241	0.0000000
chr5	21021822	21269432	[ 0.00019968         nan         nan]	0	0	247610	0.0000000
chr5	79053510	79317369	[ 0.00019968         nan         nan]	0	0	263859	0.0000000
chr5	79697937	79898752	[ 0.00019968         nan         nan]	0	0	200815	0.0000000
chr5	99415701	99712038	[ 0.00019968         nan         nan]	0	0	296337	0.0000000
chr5	101238959	101485159	[ 0.00039936         nan         nan]	0	0	246200	0.0000000
chr5	110320750	110598179	[ 0.00019968         nan         nan]	0	0	277429	0.0000000
chr5	115414541	115636855	[ 0.00019968         nan         nan]	0	0	222314	0.0000000
chr5	124329542	124743466	[ 0.00019968         nan         nan]	0	0	413924	0.0000000
chr5	124416590	124624990	[ 0.00019968         nan         nan]	0	0	208400	0.0000000
chr5	143966334	144260397	[ 0.00059904         nan         nan]	0	0	294063	0.0000000
chr5	147406147	147738703	[ 0.00019968         nan         nan]	0	0	332556	0.0000000
chr6	180946	734275	[ 0.00019968         nan         nan]	1	14445	553329	0.0261056
chr6	800445	1239636	[ 0.00019968         nan         nan]	0	0	439191	0.0000000
chr6	4252800	4454360	[ 0.00039936         nan         nan]	0	0	201560	0.0000000
chr6	38237680	38506071	[ 0.00019968         nan         nan]	0	0	268391	0.0000000
chr6	57522093	57934476	[ 0.00039936         nan         nan]	0	0	412383	0.0000000
chr6	68232134	68451944	[ 0.00079872         nan         nan]	0	0	219810	0.0000000
chr6	95386903	95588558	[ 0.00139776         nan         nan]	0	0	201655	0.0000000
chr6	135840435	136042705	[ 0.00019968         nan         nan]	0	0	202270	0.0000000
chr6	140390828	140598548	[ 0.00019968  0.                 nan]	0	0	207720	0.0000000
chr6	140638722	140894926	[ 0.00019968         nan         nan]	0	0	256204	0.0000000
chr6	141897404	142155150	[ 0.00019968         nan         nan]	0	0	257746	0.0000000
chr6	153969687	154183054	[ 0.00019968         nan         nan]	0	0	213367	0.0000000
chr6	162665614	163002170	[ 0.00079872         nan         nan]	0	0	336556	0.0000000
chr6	162808787	163085596	[ 0.00039936         nan         nan]	0	0	276809	0.0000000
chr6	164691186	165331664	[ 0.00019968         nan         nan]	0	0	640478	0.0000000
chr7	22136974	22352003	[ 0.00019968         nan         nan]	0	0	215029	0.0000000
chr7	22142833	22544755	[ 0.00019968         nan         nan]	0	0	401922	0.0000000
chr7	29036752	29249070	[ 0.00019968         nan         nan]	0	0	212318	0.0000000
chr7	29359376	29591930	[ 0.00019968         nan         nan]	0	0	232554	0.0000000
chr7	33770269	34471888	[ 0.00019968         nan         nan]	0	0	701619	0.0000000
chr7	64641395	65152420	[ 0.00359425         nan         nan]	0	0	511025	0.0000000
chr7	72413420	72711976	[ 0.00299521         nan         nan]	0	0	298556	0.0000000
chr7	73504792	73813060	[ 0.00019968         nan         nan]	0	0	308268	0.0000000
chr7	76131530	76631591	[ 0.00139776         nan         nan]	0	0	500061	0.0000000
chr7	110905610	111173793	[ 0.00079872         nan         nan]	0	0	268183	0.0000000
chr7	110974903	111286879	[ 0.00059904         nan         nan]	0	0	311976	0.0000000
chr7	117906929	118126354	[ 0.00019968         nan         nan]	0	0	219425	0.0000000
chr7	119291491	119515883	[ 0.0009984        nan        nan]	0	0	224392	0.0000000
chr7	125839058	126063951	[ 0.00019968         nan         nan]	0	0	224893	0.0000000
chr7	146229511	146495773	[ 0.00019968         nan         nan]	1	266262	266262	1.0000000
chr8	5877940	6141405	[ 0.00039936         nan         nan]	0	0	263465	0.0000000
chr8	6035596	6239092	[ 0.00059904         nan         nan]	0	0	203496	0.0000000
chr8	7085462	7537934	[ 0.00019968         nan         nan]	0	0	452472	0.0000000
chr8	8759173	9022613	[ 0.00019968         nan         nan]	0	0	263440	0.0000000
chr8	17347529	17595058	[ 0.00019968         nan         nan]	0	0	247529	0.0000000
chr8	43429207	43727938	[ 0.00698882         nan         nan]	0	0	298731	0.0000000
chr8	51067037	51374067	[ 0.00019968         nan         nan]	0	0	307030	0.0000000
chr8	112170611	112408021	[ 0.00019968         nan         nan]	0	0	237410	0.0000000
chr9	11347309	11623122	[ 0.00019968         nan         nan]	0	0	275813	0.0000000
chr9	11732199	12016115	[ 0.00139776         nan         nan]	0	0	283916	0.0000000
chr9	11750067	12080970	[ 0.00139776         nan         nan]	0	0	330903	0.0000000
chr9	11830785	12112987	[ 0.0009984        nan        nan]	0	0	282202	0.0000000
chr9	11868685	12185017	[ 0.00119808         nan         nan]	0	0	316332	0.0000000
chr9	12043403	12257929	[ 0.00079872         nan         nan]	0	0	214526	0.0000000
chr9	12112125	12343454	[ 0.00039936         nan         nan]	0	0	231329	0.0000000
chr9	12288511	12588779	[ 0.00019968         nan         nan]	0	0	300268	0.0000000
chr9	28132256	28467445	[ 0.00019968         nan         nan]	0	0	335189	0.0000000
chr9	28533657	28735699	[ 0.00139776         nan         nan]	0	0	202042	0.0000000
chr9	68690487	69029274	[ 0.00019968         nan         nan]	0	0	338787	0.0000000
chr10	19060819	19269071	[ 0.00039936         nan         nan]	0	0	208252	0.0000000
chr10	19825563	20035698	[ 0.00119808         nan         nan]	0	0	210135	0.0000000
chr10	37730822	38054265	[ 0.00019968         nan         nan]	0	0	323443	0.0000000
chr10	68161377	68516719	[ 0.00039936         nan         nan]	0	0	355342	0.0000000
chr10	68170438	68402817	[ 0.00059904         nan         nan]	0	0	232379	0.0000000
chr10	91568742	91800746	[ 0.00019968         nan         nan]	0	0	232004	0.0000000
chr11	48377258	48970501	[ 0.00039936         nan         nan]	0	0	593243	0.0000000
chr11	55055145	55335774	[ 0.00019968         nan         nan]	0	0	280629	0.0000000
chr11	67506342	67735719	[ 0.00798722         nan         nan]	0	0	229377	0.0000000
chr12	21069193	21486864	[ 0.00039936         nan         nan]	0	0	417671	0.0000000
chr12	33572894	33857080	[ 0.00019968         nan         nan]	0	0	284186	0.0000000
chr12	84653589	84860266	[ 0.00019968         nan         nan]	0	0	206677	0.0000000
chr13	64092323	64528935	[ 0.00019968         nan         nan]	0	0	436612	0.0000000
chr13	70923321	71123472	[ 0.00019968         nan         nan]	0	0	200151	0.0000000
chr13	105350008	105565248	[ 0.00019968         nan         nan]	0	0	215240	0.0000000
chr14	27478499	27708115	[ 0.00019968         nan         nan]	0	0	229616	0.0000000
chr14	41194646	41460040	[ 0.00019968         nan         nan]	0	0	265394	0.0000000
chr14	46425917	46698338	[ 0.00039936         nan         nan]	0	0	272421	0.0000000
chr15	24355021	24708945	[ 0.00079872         nan         nan]	0	0	353924	0.0000000
chr15	24512581	24729309	[ 0.0009984        nan        nan]	0	0	216728	0.0000000
chr15	24568570	24776081	[ 0.00319489         nan         nan]	0	0	207511	0.0000000
chr15	30371370	30840547	[ 0.0215655        nan        nan]	0	0	469177	0.0000000
chr15	46060392	46262541	[ 0.00039936         nan         nan]	0	0	202149	0.0000000
chr16	6939023	7194105	[ 0.00019968         nan         nan]	0	0	255082	0.0000000
chr16	47257820	47486395	[ 0.00039936         nan         nan]	0	0	228575	0.0000000
chr17	14684809	14907694	[ 0.00019968         nan         nan]	0	0	222885	0.0000000
chr17	63715123	64045308	[ 0.00019968         nan         nan]	0	0	330185	0.0000000
chr18	14071665	14280343	[ 0.00039936         nan         nan]	0	0	208678	0.0000000
chr18	37796616	38291210	[ 0.00019968         nan         nan]	0	0	494594	0.0000000
chr18	64082024	64335663	[ 0.00059904         nan         nan]	0	0	253639	0.0000000
chr18	66508132	66725045	[ 0.00039936         nan         nan]	0	0	216913	0.0000000
chr18	67066128	67456195	[ 0.00019968         nan         nan]	0	0	390067	0.0000000
chr18	68217900	68467243	[ 0.00039936         nan         nan]	0	0	249343	0.0000000
chr18	68432722	68735031	[ 0.00019968         nan         nan]	0	0	302309	0.0000000
chr18	68741164	69007845	[ 0.00019968         nan         nan]	0	0	266681	0.0000000
chr18	69012512	69251241	[ 0.00079872         nan         nan]	0	0	238729	0.0000000
chr18	69164747	69449809	[ 0.00059904         nan         nan]	0	0	285062	0.0000000
chr18	71503729	71908457	[ 0.00039936         nan         nan]	0	0	404728	0.0000000
chr18	72413815	72766710	[ 0.00019968         nan         nan]	0	0	352895	0.0000000
chr18	72779480	73456184	[ 0.0009984        nan        nan]	0	0	676704	0.0000000
chr18	73674396	73921548	[ 0.00019968         nan         nan]	0	0	247152	0.0000000
chr18	73925346	74149560	[ 0.00019968         nan         nan]	0	0	224214	0.0000000
chr18	74744804	75077655	[ 0.00019968         nan         nan]	0	0	332851	0.0000000
chr18	77559861	77914915	[ 0.00059904         nan         nan]	0	0	355054	0.0000000
chr19	20649858	20861769	[ 0.00159744         nan         nan]	0	0	211911	0.0000000
chr19	43292178	43562867	[ 0.0245607        nan        nan]	0	0	270689	0.0000000
chr19	43292577	43790778	[ 0.00379393         nan         nan]	0	0	498201	0.0000000
chr19	43507917	43753420	[ 0.00978435         nan         nan]	0	0	245503	0.0000000
chr19	43568391	43783626	[ 0.00339457         nan         nan]	0	0	215235	0.0000000
chr20	14665989	14963760	[ 0.00079872         nan         nan]	0	0	297771	0.0000000
chr20	14672650	14875718	[ 0.0009984        nan        nan]	0	0	203068	0.0000000
chr20	14904254	15175425	[ 0.00059904         nan         nan]	0	0	271171	0.0000000
chr20	60029292	60260957	[ 0.00019968         nan         nan]	0	0	231665	0.0000000
chrX	6553786	6810498	[ 0.00291391         nan         nan]	0	0	256712	0.0000000
chrX	6595308	7515400	[ 0.00291391         nan         nan]	0	0	920092	0.0000000
chrX	22698248	22921088	[ 0.00238411         nan         nan]	0	0	222840	0.0000000
chrX	86932640	88168710	[ 0.00238411         nan         nan]	0	0	1236070	0.0000000
chrX	86990326	87382210	[ 0.00264901         nan         nan]	0	0	391884	0.0000000
chrX	94788004	94988129	[ 0.00211921         nan         nan]	0	0	200125	0.0000000
chrX	140322707	140657766	[ 0.00397351         nan         nan]	0	0	335059	0.0000000
chrX	154110804	154607929	[ 0.00211921         nan         nan]	1	2180	497125	0.0043852
