chr1	7503106	7504052	INV	1	946	946	1.0000000
chr1	10296138	10296749	INV	0	0	611	0.0000000
chr1	13179342	13186246	INV	0	0	6904	0.0000000
chr1	16697715	16698575	INV	0	0	860	0.0000000
chr1	21530509	21531320	INV	0	0	811	0.0000000
chr1	27712443	27714544	INV	0	0	2101	0.0000000
chr1	31344038	31344592	INV	0	0	554	0.0000000
chr1	33698039	33709809	INV	0	0	11770	0.0000000
chr1	37558981	37559955	INV	0	0	974	0.0000000
chr1	39479500	39495161	INV	0	0	15661	0.0000000
chr1	40124738	40125770	INV	0	0	1032	0.0000000
chr1	44059290	44059950	INV	0	0	660	0.0000000
chr1	44822001	44823172	INV	0	0	1171	0.0000000
chr1	46017594	46018441	INV	0	0	847	0.0000000
chr1	48940919	48941299	INV	0	0	380	0.0000000
chr1	52347591	52351778	INV	0	0	4187	0.0000000
chr1	66198219	66198541	INV	0	0	322	0.0000000
chr1	67452190	67452465	INV	0	0	275	0.0000000
chr1	71592578	71609748	INV	0	0	17170	0.0000000
chr1	72596410	72597458	INV	0	0	1048	0.0000000
chr1	75327110	75327509	INV	0	0	399	0.0000000
chr1	82033529	82044367	INV	0	0	10838	0.0000000
chr1	83135321	83139854	INV	0	0	4533	0.0000000
chr1	83755523	83763568	INV	0	0	8045	0.0000000
chr1	92131841	92132615	INV	0	0	774	0.0000000
chr1	97458273	97458583	INV	0	0	310	0.0000000
chr1	104580484	104581982	INV	0	0	1498	0.0000000
chr1	104794461	104796234	INV	0	0	1773	0.0000000
chr1	108450015	108458861	INV	0	0	8846	0.0000000
chr1	113206102	113206542	INV	0	0	440	0.0000000
chr1	114846731	114847237	INV	0	0	506	0.0000000
chr1	116119824	116120550	INV	0	0	726	0.0000000
chr1	119492496	119493516	INV	0	0	1020	0.0000000
chr1	151971243	151972500	INV	0	0	1257	0.0000000
chr1	156308440	156314559	INV	0	0	6119	0.0000000
chr1	157887236	157887845	INV	0	0	609	0.0000000
chr1	160378522	160379670	INV	0	0	1148	0.0000000
chr1	163567172	163567439	INV	0	0	267	0.0000000
chr1	166999925	167000269	INV	0	0	344	0.0000000
chr1	183118011	183118983	INV	0	0	972	0.0000000
chr1	183308083	183309877	INV	0	0	1794	0.0000000
chr1	186950786	186951167	INV	0	0	381	0.0000000
chr1	188228584	188228876	INV	0	0	292	0.0000000
chr1	189380681	189381695	INV	0	0	1014	0.0000000
chr1	189907146	189931194	INV	0	0	24048	0.0000000
chr1	190744502	190745051	INV	0	0	549	0.0000000
chr1	192266715	192266985	INV	0	0	270	0.0000000
chr1	194786998	194789088	INV	0	0	2090	0.0000000
chr1	196582375	196599873	INV	0	0	17498	0.0000000
chr1	197756784	197757982	INV	0	0	1198	0.0000000
chr1	202357558	202358044	INV	0	0	486	0.0000000
chr1	205178526	205178807	INV	0	0	281	0.0000000
chr1	208966325	208973860	INV	0	0	7535	0.0000000
chr1	209231991	209236050	INV	0	0	4059	0.0000000
chr1	215688913	215691281	INV	0	0	2368	0.0000000
chr1	218144328	218145005	INV	0	0	677	0.0000000
chr1	219195916	219196191	INV	0	0	275	0.0000000
chr1	224383799	224385950	INV	0	0	2151	0.0000000
chr1	225094545	225095801	INV	0	0	1256	0.0000000
chr1	225415104	225417480	INV	0	0	2376	0.0000000
chr1	231202580	231203015	INV	0	0	435	0.0000000
chr1	231319451	231319739	INV	0	0	288	0.0000000
chr1	236753926	236755955	INV	0	0	2029	0.0000000
chr1	239442941	239443193	INV	0	0	252	0.0000000
chr1	239451957	239454539	INV	0	0	2582	0.0000000
chr1	240116007	240116829	INV	0	0	822	0.0000000
chr1	241595421	241596552	INV	0	0	1131	0.0000000
chr1	242356268	242356581	INV	0	0	313	0.0000000
chr2	2942689	2947564	INV	0	0	4875	0.0000000
chr2	10825964	10827217	INV	0	0	1253	0.0000000
chr2	13731318	13733248	INV	0	0	1930	0.0000000
chr2	13829369	13829630	INV	0	0	261	0.0000000
chr2	19429398	19431284	INV	0	0	1886	0.0000000
chr2	22546481	22550718	INV	0	0	4237	0.0000000
chr2	27118201	27131805	INV	0	0	13604	0.0000000
chr2	31875295	31875971	INV	0	0	676	0.0000000
chr2	33764554	33765272	INV	0	0	718	0.0000000
chr2	38525013	38526799	INV	0	0	1786	0.0000000
chr2	40513414	40524298	INV	0	0	10884	0.0000000
chr2	45850097	45855277	INV	0	0	5180	0.0000000
chr2	45928006	45947079	INV	0	0	19073	0.0000000
chr2	49626179	49626482	INV	0	0	303	0.0000000
chr2	50020229	50022426	INV	0	0	2197	0.0000000
chr2	50765984	50766241	INV	0	0	257	0.0000000
chr2	51880347	51881599	INV	0	0	1252	0.0000000
chr2	51956500	51961390	INV	0	0	4890	0.0000000
chr2	61700635	61703542	INV	0	0	2907	0.0000000
chr2	66753510	66754817	INV	0	0	1307	0.0000000
chr2	72067747	72068636	INV	0	0	889	0.0000000
chr2	72440495	72441373	INV	0	0	878	0.0000000
chr2	75963879	75965867	INV	0	0	1988	0.0000000
chr2	77051092	77051737	INV	0	0	645	0.0000000
chr2	79378909	79382627	INV	0	0	3718	0.0000000
chr2	88575783	88577218	INV	0	0	1435	0.0000000
chr2	100818240	100818837	INV	0	0	597	0.0000000
chr2	105681988	105682276	INV	0	0	288	0.0000000
chr2	116978100	116982346	INV	0	0	4246	0.0000000
chr2	117931772	117934083	INV	0	0	2311	0.0000000
chr2	121140705	121141706	INV	0	0	1001	0.0000000
chr2	123476599	123482503	INV	0	0	5904	0.0000000
chr2	125051701	125053265	INV	0	0	1564	0.0000000
chr2	125974913	125975211	INV	0	0	298	0.0000000
chr2	127133286	127157331	INV	0	0	24045	0.0000000
chr2	129685049	129686125	INV	0	0	1076	0.0000000
chr2	131886566	131887311	INV	0	0	745	0.0000000
chr2	133518790	133519828	INV	0	0	1038	0.0000000
chr2	143916433	143917604	INV	0	0	1171	0.0000000
chr2	153459801	153461443	INV	0	0	1642	0.0000000
chr2	159010219	159012572	INV	0	0	2353	0.0000000
chr2	160095657	160098032	INV	0	0	2375	0.0000000
chr2	168172533	168180252	INV	0	0	7719	0.0000000
chr2	168899166	168906755	INV	0	0	7589	0.0000000
chr2	169683448	169684534	INV	0	0	1086	0.0000000
chr2	176683216	176684350	INV	0	0	1134	0.0000000
chr2	177373702	177386664	INV	0	0	12962	0.0000000
chr2	180411396	180416153	INV	0	0	4757	0.0000000
chr2	183676513	183679353	INV	0	0	2840	0.0000000
chr2	184569079	184572068	INV	0	0	2989	0.0000000
chr2	187156601	187157234	INV	0	0	633	0.0000000
chr2	192442004	192447389	INV	0	0	5385	0.0000000
chr2	192971552	192975787	INV	0	0	4235	0.0000000
chr2	194012814	194019920	INV	0	0	7106	0.0000000
chr2	195979338	195984624	INV	0	0	5286	0.0000000
chr2	196841214	196841773	INV	0	0	559	0.0000000
chr2	211850353	211868086	INV	0	0	17733	0.0000000
chr2	213026043	213026326	INV	1	283	283	1.0000000
chr2	216827468	216828214	INV	0	0	746	0.0000000
chr2	219076207	219077463	INV	0	0	1256	0.0000000
chr2	228608595	228613415	INV	0	0	4820	0.0000000
chr2	230843690	230845046	INV	0	0	1356	0.0000000
chr2	241626606	241627893	INV	0	0	1287	0.0000000
chr3	1908502	1918464	INV	0	0	9962	0.0000000
chr3	2498462	2530448	INV	0	0	31986	0.0000000
chr3	7400052	7400790	INV	0	0	738	0.0000000
chr3	10740102	10740516	INV	0	0	414	0.0000000
chr3	12989206	12990165	INV	0	0	959	0.0000000
chr3	15294684	15295782	INV	0	0	1098	0.0000000
chr3	17808036	17810156	INV	0	0	2120	0.0000000
chr3	18655894	18657485	INV	0	0	1591	0.0000000
chr3	26357372	26359373	INV	0	0	2001	0.0000000
chr3	30086771	30089474	INV	0	0	2703	0.0000000
chr3	30413553	30413870	INV	0	0	317	0.0000000
chr3	32645117	32647055	INV	0	0	1938	0.0000000
chr3	34233148	34260782	INV	0	0	27634	0.0000000
chr3	36406564	36407425	INV	0	0	861	0.0000000
chr3	43835623	43836011	INV	0	0	388	0.0000000
chr3	52430225	52431256	INV	0	0	1031	0.0000000
chr3	57401918	57404210	INV	0	0	2292	0.0000000
chr3	63104325	63105722	INV	0	0	1397	0.0000000
chr3	65187441	65189136	INV	0	0	1695	0.0000000
chr3	68068939	68069698	INV	0	0	759	0.0000000
chr3	70716423	70716877	INV	0	0	454	0.0000000
chr3	75503656	75504861	INV	0	0	1205	0.0000000
chr3	78589138	78591570	INV	0	0	2432	0.0000000
chr3	82203552	82204280	INV	0	0	728	0.0000000
chr3	88682339	88686371	INV	0	0	4032	0.0000000
chr3	94673285	94673654	INV	0	0	369	0.0000000
chr3	94959254	94963003	INV	0	0	3749	0.0000000
chr3	98872847	98873230	INV	0	0	383	0.0000000
chr3	104035418	104037738	INV	0	0	2320	0.0000000
chr3	107719841	107741068	INV	0	0	21227	0.0000000
chr3	122890570	122891838	INV	0	0	1268	0.0000000
chr3	127496569	127497727	INV	0	0	1158	0.0000000
chr3	132870668	132871414	INV	0	0	746	0.0000000
chr3	133688440	133689731	INV	0	0	1291	0.0000000
chr3	135459418	135459879	INV	0	0	461	0.0000000
chr3	149873263	149873603	INV	0	0	340	0.0000000
chr3	151212221	151218710	INV	0	0	6489	0.0000000
chr3	157787160	157790176	INV	0	0	3016	0.0000000
chr3	158462088	158471119	INV	0	0	9031	0.0000000
chr3	158855587	158856166	INV	0	0	579	0.0000000
chr3	160278317	160279138	INV	0	0	821	0.0000000
chr3	161802426	161802719	INV	0	0	293	0.0000000
chr3	164777084	164777717	INV	0	0	633	0.0000000
chr3	165031917	165032635	INV	0	0	718	0.0000000
chr3	167272598	167273015	INV	0	0	417	0.0000000
chr3	168105558	168106012	INV	0	0	454	0.0000000
chr3	170524281	170525526	INV	0	0	1245	0.0000000
chr3	172173323	172173704	INV	0	0	381	0.0000000
chr3	173948828	173953391	INV	0	0	4563	0.0000000
chr3	177640650	177647264	INV	0	0	6614	0.0000000
chr3	178852556	178856715	INV	0	0	4159	0.0000000
chr3	178856742	178861564	INV	0	0	4822	0.0000000
chr3	184308732	184310994	INV	0	0	2262	0.0000000
chr3	186628899	186631169	INV	0	0	2270	0.0000000
chr3	188717323	188732565	INV	0	0	15242	0.0000000
chr3	188871060	188872322	INV	0	0	1262	0.0000000
chr3	190833466	190834054	INV	0	0	588	0.0000000
chr3	196277666	196279885	INV	0	0	2219	0.0000000
chr4	8379162	8381307	INV	0	0	2145	0.0000000
chr4	9426420	9427077	INV	0	0	657	0.0000000
chr4	16917031	16917489	INV	0	0	458	0.0000000
chr4	25227616	25234083	INV	0	0	6467	0.0000000
chr4	26486705	26487447	INV	0	0	742	0.0000000
chr4	26815287	26848008	INV	0	0	32721	0.0000000
chr4	33099689	33106702	INV	0	0	7013	0.0000000
chr4	33788697	33807282	INV	0	0	18585	0.0000000
chr4	40235048	40237039	INV	0	0	1991	0.0000000
chr4	44177053	44177331	INV	0	0	278	0.0000000
chr4	44982242	44991296	INV	0	0	9054	0.0000000
chr4	45419803	45420079	INV	0	0	276	0.0000000
chr4	45756726	45757244	INV	0	0	518	0.0000000
chr4	45935026	45953091	INV	0	0	18065	0.0000000
chr4	47043754	47051770	INV	0	0	8016	0.0000000
chr4	53704624	53705367	INV	0	0	743	0.0000000
chr4	58900485	58905535	INV	0	0	5050	0.0000000
chr4	62208318	62228750	INV	0	0	20432	0.0000000
chr4	62474578	62476099	INV	0	0	1521	0.0000000
chr4	68674097	68674424	INV	0	0	327	0.0000000
chr4	73247109	73247697	INV	0	0	588	0.0000000
chr4	75079496	75087924	INV	0	0	8428	0.0000000
chr4	83862161	83863341	INV	0	0	1180	0.0000000
chr4	96226416	96228299	INV	0	0	1883	0.0000000
chr4	96351404	96352743	INV	0	0	1339	0.0000000
chr4	98249461	98251930	INV	0	0	2469	0.0000000
chr4	101599641	101601597	INV	0	0	1956	0.0000000
chr4	109912977	109915525	INV	0	0	2548	0.0000000
chr4	110135192	110136895	INV	0	0	1703	0.0000000
chr4	112007385	112008472	INV	0	0	1087	0.0000000
chr4	115291027	115291759	INV	0	0	732	0.0000000
chr4	116654322	116673373	INV	0	0	19051	0.0000000
chr4	117789746	117790329	INV	0	0	583	0.0000000
chr4	120585952	120586726	INV	0	0	774	0.0000000
chr4	121478458	121482732	INV	0	0	4274	0.0000000
chr4	121857917	121858282	INV	0	0	365	0.0000000
chr4	133298893	133303875	INV	0	0	4982	0.0000000
chr4	134776911	134777197	INV	0	0	286	0.0000000
chr4	138377964	138381306	INV	0	0	3342	0.0000000
chr4	138660193	138660853	INV	0	0	660	0.0000000
chr4	140238707	140239732	INV	0	0	1025	0.0000000
chr4	141035941	141036826	INV	0	0	885	0.0000000
chr4	143468850	143471976	INV	0	0	3126	0.0000000
chr4	148550296	148552415	INV	0	0	2119	0.0000000
chr4	154463180	154465791	INV	0	0	2611	0.0000000
chr4	160956576	160964523	INV	0	0	7947	0.0000000
chr4	168115062	168115505	INV	0	0	443	0.0000000
chr4	170244388	170254296	INV	0	0	9908	0.0000000
chr4	171953969	171954301	INV	0	0	332	0.0000000
chr4	172418022	172421134	INV	0	0	3112	0.0000000
chr4	178212619	178216704	INV	0	0	4085	0.0000000
chr4	181496297	181496602	INV	0	0	305	0.0000000
chr4	183863832	183868012	INV	0	0	4180	0.0000000
chr4	188557473	188558415	INV	0	0	942	0.0000000
chr5	2525286	2526032	INV	0	0	746	0.0000000
chr5	4025347	4026563	INV	0	0	1216	0.0000000
chr5	4996133	5000339	INV	0	0	4206	0.0000000
chr5	6350845	6355776	INV	0	0	4931	0.0000000
chr5	8257557	8260716	INV	0	0	3159	0.0000000
chr5	10906438	10908184	INV	0	0	1746	0.0000000
chr5	11417991	11423177	INV	1	5186	5186	1.0000000
chr5	18084966	18086485	INV	0	0	1519	0.0000000
chr5	20340806	20344239	INV	0	0	3433	0.0000000
chr5	24356749	24357948	INV	0	0	1199	0.0000000
chr5	25994302	26003034	INV	0	0	8732	0.0000000
chr5	27644778	27652132	INV	0	0	7354	0.0000000
chr5	28334788	28335360	INV	0	0	572	0.0000000
chr5	30479810	30483320	INV	0	0	3510	0.0000000
chr5	31190244	31191191	INV	0	0	947	0.0000000
chr5	32885451	32886564	INV	0	0	1113	0.0000000
chr5	42430839	42433721	INV	0	0	2882	0.0000000
chr5	73117924	73121272	INV	0	0	3348	0.0000000
chr5	74924302	74929400	INV	0	0	5098	0.0000000
chr5	79046344	79049460	INV	0	0	3116	0.0000000
chr5	92761568	92761974	INV	0	0	406	0.0000000
chr5	95600703	95601979	INV	0	0	1276	0.0000000
chr5	103531721	103532499	INV	0	0	778	0.0000000
chr5	108098391	108098784	INV	0	0	393	0.0000000
chr5	110243066	110258048	INV	0	0	14982	0.0000000
chr5	110948290	110951263	INV	0	0	2973	0.0000000
chr5	114258084	114261541	INV	0	0	3457	0.0000000
chr5	116050626	116051491	INV	0	0	865	0.0000000
chr5	121271262	121273334	INV	0	0	2072	0.0000000
chr5	122727344	122727716	INV	0	0	372	0.0000000
chr5	123897159	123903788	INV	0	0	6629	0.0000000
chr5	128385579	128385881	INV	0	0	302	0.0000000
chr5	132650888	132656070	INV	0	0	5182	0.0000000
chr5	133275139	133279489	INV	0	0	4350	0.0000000
chr5	142284564	142286018	INV	1	1454	1454	1.0000000
chr5	143406066	143406762	INV	0	0	696	0.0000000
chr5	144059460	144059732	INV	0	0	272	0.0000000
chr5	144497562	144499589	INV	0	0	2027	0.0000000
chr5	147552866	147554617	INV	0	0	1751	0.0000000
chr5	150319092	150319679	INV	0	0	587	0.0000000
chr5	159208915	159209440	INV	0	0	525	0.0000000
chr5	159354825	159355660	INV	0	0	835	0.0000000
chr5	164823971	164825571	INV	0	0	1600	0.0000000
chr5	167177322	167178500	INV	0	0	1178	0.0000000
chr5	169597462	169598751	INV	0	0	1289	0.0000000
chr5	171075307	171076501	INV	0	0	1194	0.0000000
chr5	171846321	171847877	INV	0	0	1556	0.0000000
chr5	174876745	174877464	INV	0	0	719	0.0000000
chr5	174893447	174894154	INV	0	0	707	0.0000000
chr5	178123233	178125610	INV	0	0	2377	0.0000000
chr5	180644400	180651982	INV	0	0	7582	0.0000000
chr6	3885172	3887450	INV	0	0	2278	0.0000000
chr6	5767491	5767827	INV	0	0	336	0.0000000
chr6	6303052	6303323	INV	0	0	271	0.0000000
chr6	11073123	11077999	INV	0	0	4876	0.0000000
chr6	11678403	11678826	INV	0	0	423	0.0000000
chr6	12438100	12439914	INV	0	0	1814	0.0000000
chr6	22950852	22951395	INV	0	0	543	0.0000000
chr6	23543531	23554010	INV	0	0	10479	0.0000000
chr6	24044872	24045490	INV	0	0	618	0.0000000
chr6	26740098	26761692	INV	0	0	21594	0.0000000
chr6	26761928	26762300	INV	0	0	372	0.0000000
chr6	33524908	33525974	INV	0	0	1066	0.0000000
chr6	34077415	34085881	INV	0	0	8466	0.0000000
chr6	37850150	37865313	INV	0	0	15163	0.0000000
chr6	38399090	38404535	INV	0	0	5445	0.0000000
chr6	42401350	42402129	INV	0	0	779	0.0000000
chr6	44285151	44296028	INV	0	0	10877	0.0000000
chr6	51105594	51106552	INV	0	0	958	0.0000000
chr6	51350571	51353916	INV	0	0	3345	0.0000000
chr6	51666866	51668289	INV	0	0	1423	0.0000000
chr6	55846566	55852211	INV	0	0	5645	0.0000000
chr6	63200998	63201846	INV	0	0	848	0.0000000
chr6	68820541	68821593	INV	0	0	1052	0.0000000
chr6	79596469	79600615	INV	0	0	4146	0.0000000
chr6	82362220	82362580	INV	0	0	360	0.0000000
chr6	93157602	93177894	INV	0	0	20292	0.0000000
chr6	98897547	98901493	INV	0	0	3946	0.0000000
chr6	100563658	100563967	INV	0	0	309	0.0000000
chr6	103799575	103803294	INV	0	0	3719	0.0000000
chr6	108845068	108845412	INV	0	0	344	0.0000000
chr6	112122066	112122797	INV	0	0	731	0.0000000
chr6	112834925	112848608	INV	0	0	13683	0.0000000
chr6	119540405	119542258	INV	0	0	1853	0.0000000
chr6	119566524	119566857	INV	0	0	333	0.0000000
chr6	121512137	121525987	INV	0	0	13850	0.0000000
chr6	123427240	123430975	INV	0	0	3735	0.0000000
chr6	126335547	126337031	INV	0	0	1484	0.0000000
chr6	127655971	127681626	INV	0	0	25655	0.0000000
chr6	128118327	128118998	INV	0	0	671	0.0000000
chr6	128508262	128508513	INV	1	251	251	1.0000000
chr6	130848198	130852318	INV	0	0	4120	0.0000000
chr6	138060956	138061491	INV	0	0	535	0.0000000
chr6	139478326	139482032	INV	0	0	3706	0.0000000
chr6	142187464	142219846	INV	0	0	32382	0.0000000
chr6	146637134	146646777	INV	0	0	9643	0.0000000
chr6	148123534	148123850	INV	0	0	316	0.0000000
chr6	149885666	149886184	INV	0	0	518	0.0000000
chr6	151372435	151372960	INV	0	0	525	0.0000000
chr6	155382155	155382549	INV	0	0	394	0.0000000
chr6	157464747	157465367	INV	1	620	620	1.0000000
chr6	160823491	160823770	INV	0	0	279	0.0000000
chr6	167895262	167895582	INV	0	0	320	0.0000000
chr6	170909982	170911923	INV	0	0	1941	0.0000000
chr7	812181	813026	INV	0	0	845	0.0000000
chr7	3489094	3490932	INV	0	0	1838	0.0000000
chr7	5061291	5066834	INV	0	0	5543	0.0000000
chr7	5532008	5533903	INV	0	0	1895	0.0000000
chr7	8353157	8355597	INV	0	0	2440	0.0000000
chr7	9955821	9957694	INV	0	0	1873	0.0000000
chr7	12348097	12349773	INV	0	0	1676	0.0000000
chr7	14097960	14104948	INV	0	0	6988	0.0000000
chr7	14437336	14438662	INV	0	0	1326	0.0000000
chr7	17173099	17190065	INV	0	0	16966	0.0000000
chr7	18726363	18728852	INV	0	0	2489	0.0000000
chr7	19128247	19144272	INV	0	0	16025	0.0000000
chr7	24326860	24368282	INV	0	0	41422	0.0000000
chr7	25056378	25056915	INV	0	0	537	0.0000000
chr7	25684448	25685708	INV	0	0	1260	0.0000000
chr7	31586765	31592019	INV	0	0	5254	0.0000000
chr7	35969128	35970997	INV	0	0	1869	0.0000000
chr7	38234713	38237172	INV	0	0	2459	0.0000000
chr7	40879271	40880479	INV	0	0	1208	0.0000000
chr7	42543460	42558490	INV	0	0	15030	0.0000000
chr7	42580693	42581208	INV	0	0	515	0.0000000
chr7	42772872	42778973	INV	0	0	6101	0.0000000
chr7	46478470	46520322	INV	0	0	41852	0.0000000
chr7	47653638	47654986	INV	0	0	1348	0.0000000
chr7	48390537	48391155	INV	0	0	618	0.0000000
chr7	50264351	50265678	INV	0	0	1327	0.0000000
chr7	51864252	51869542	INV	0	0	5290	0.0000000
chr7	52388784	52390225	INV	0	0	1441	0.0000000
chr7	53020359	53025611	INV	0	0	5252	0.0000000
chr7	53553429	53582651	INV	0	0	29222	0.0000000
chr7	53649145	53649712	INV	0	0	567	0.0000000
chr7	54843099	54844864	INV	0	0	1765	0.0000000
chr7	56627420	56633049	INV	0	0	5629	0.0000000
chr7	56790845	56791142	INV	0	0	297	0.0000000
chr7	65767438	65767835	INV	0	0	397	0.0000000
chr7	70420799	70438952	INV	0	0	18153	0.0000000
chr7	71559352	71563562	INV	0	0	4210	0.0000000
chr7	88091062	88092212	INV	0	0	1150	0.0000000
chr7	90067926	90070077	INV	0	0	2151	0.0000000
chr7	92771948	92779727	INV	0	0	7779	0.0000000
chr7	99522893	99533660	INV	0	0	10767	0.0000000
chr7	101639514	101640776	INV	1	1262	1262	1.0000000
chr7	112042324	112048845	INV	0	0	6521	0.0000000
chr7	112185330	112189696	INV	0	0	4366	0.0000000
chr7	115618306	115618644	INV	0	0	338	0.0000000
chr7	117011148	117013421	INV	0	0	2273	0.0000000
chr7	118119691	118123719	INV	0	0	4028	0.0000000
chr7	118224323	118227442	INV	0	0	3119	0.0000000
chr7	119586195	119594566	INV	0	0	8371	0.0000000
chr7	121169551	121169850	INV	0	0	299	0.0000000
chr7	121703954	121706998	INV	0	0	3044	0.0000000
chr7	127429410	127429934	INV	1	524	524	1.0000000
chr7	127928397	127939961	INV	0	0	11564	0.0000000
chr7	128818839	128820973	INV	0	0	2134	0.0000000
chr7	133312816	133313568	INV	0	0	752	0.0000000
chr7	135465024	135466047	INV	0	0	1023	0.0000000
chr7	135508644	135522494	INV	0	0	13850	0.0000000
chr7	139982985	139983600	INV	0	0	615	0.0000000
chr7	151010030	151012107	INV	0	0	2077	0.0000000
chr7	156386986	156387251	INV	0	0	265	0.0000000
chr7	158632769	158642912	INV	0	0	10143	0.0000000
chr8	3828501	3831231	INV	0	0	2730	0.0000000
chr8	5742317	5742773	INV	0	0	456	0.0000000
chr8	11509080	11512814	INV	0	0	3734	0.0000000
chr8	16410353	16436158	INV	0	0	25805	0.0000000
chr8	18225342	18234952	INV	0	0	9610	0.0000000
chr8	20776726	20778437	INV	0	0	1711	0.0000000
chr8	21582826	21607627	INV	0	0	24801	0.0000000
chr8	26349335	26350670	INV	0	0	1335	0.0000000
chr8	26730182	26756656	INV	0	0	26474	0.0000000
chr8	32560177	32561607	INV	1	1430	1430	1.0000000
chr8	36079410	36079738	INV	0	0	328	0.0000000
chr8	41308214	41332478	INV	0	0	24264	0.0000000
chr8	43286135	43286918	INV	0	0	783	0.0000000
chr8	50214742	50219341	INV	0	0	4599	0.0000000
chr8	52673749	52678592	INV	0	0	4843	0.0000000
chr8	54185086	54190250	INV	0	0	5164	0.0000000
chr8	54201033	54201836	INV	0	0	803	0.0000000
chr8	54388007	54388614	INV	0	0	607	0.0000000
chr8	57963372	57982569	INV	0	0	19197	0.0000000
chr8	63905759	63906152	INV	0	0	393	0.0000000
chr8	69685971	69686869	INV	0	0	898	0.0000000
chr8	74036482	74058881	INV	0	0	22399	0.0000000
chr8	75087898	75095384	INV	0	0	7486	0.0000000
chr8	75138732	75139342	INV	0	0	610	0.0000000
chr8	77843321	77849767	INV	0	0	6446	0.0000000
chr8	78212509	78253189	INV	0	0	40680	0.0000000
chr8	78481790	78482230	INV	0	0	440	0.0000000
chr8	79818455	79818963	INV	0	0	508	0.0000000
chr8	80512292	80513910	INV	0	0	1618	0.0000000
chr8	87670352	87672616	INV	0	0	2264	0.0000000
chr8	100157613	100158316	INV	0	0	703	0.0000000
chr8	102543150	102549258	INV	0	0	6108	0.0000000
chr8	102942267	102943464	INV	0	0	1197	0.0000000
chr8	103892570	103893319	INV	0	0	749	0.0000000
chr8	109204910	109209143	INV	0	0	4233	0.0000000
chr8	110097337	110099035	INV	0	0	1698	0.0000000
chr8	110440219	110449106	INV	0	0	8887	0.0000000
chr8	111450645	111452024	INV	0	0	1379	0.0000000
chr8	113584027	113585356	INV	1	1329	1329	1.0000000
chr8	113612665	113627710	INV	1	15045	15045	1.0000000
chr8	113788409	113791948	INV	1	3539	3539	1.0000000
chr8	115262866	115265999	INV	0	0	3133	0.0000000
chr8	117092820	117095178	INV	0	0	2358	0.0000000
chr8	119008255	119013018	INV	1	4763	4763	1.0000000
chr8	121480873	121487257	INV	0	0	6384	0.0000000
chr8	122513909	122514879	INV	0	0	970	0.0000000
chr8	125493680	125497281	INV	0	0	3601	0.0000000
chr8	128948538	128950873	INV	0	0	2335	0.0000000
chr8	134175151	134194014	INV	0	0	18863	0.0000000
chr8	135240711	135241260	INV	0	0	549	0.0000000
chr8	138130954	138131563	INV	0	0	609	0.0000000
chr8	138348193	138349910	INV	0	0	1717	0.0000000
chr8	144021949	144022305	INV	0	0	356	0.0000000
chr9	1521994	1522983	INV	0	0	989	0.0000000
chr9	4518830	4523839	INV	0	0	5009	0.0000000
chr9	5062574	5074958	INV	1	12384	12384	1.0000000
chr9	6728606	6733329	INV	0	0	4723	0.0000000
chr9	10859416	10881981	INV	0	0	22565	0.0000000
chr9	10883300	10899668	INV	0	0	16368	0.0000000
chr9	13734350	13755887	INV	0	0	21537	0.0000000
chr9	15128098	15128593	INV	0	0	495	0.0000000
chr9	16908341	16913265	INV	0	0	4924	0.0000000
chr9	25576971	25577839	INV	0	0	868	0.0000000
chr9	30220391	30264771	INV	0	0	44380	0.0000000
chr9	31049004	31050191	INV	0	0	1187	0.0000000
chr9	32800506	32801959	INV	0	0	1453	0.0000000
chr9	34596898	34599729	INV	0	0	2831	0.0000000
chr9	38669076	38670013	INV	0	0	937	0.0000000
chr9	71985931	71987185	INV	0	0	1254	0.0000000
chr9	73013130	73013640	INV	0	0	510	0.0000000
chr9	79779568	79780467	INV	0	0	899	0.0000000
chr9	80597806	80599043	INV	1	1237	1237	1.0000000
chr9	83144253	83149010	INV	0	0	4757	0.0000000
chr9	84276932	84277809	INV	0	0	877	0.0000000
chr9	85719528	85720870	INV	0	0	1342	0.0000000
chr9	87136114	87136745	INV	0	0	631	0.0000000
chr9	88742834	88745148	INV	0	0	2314	0.0000000
chr9	91736469	91738377	INV	0	0	1908	0.0000000
chr9	93831909	93842106	INV	0	0	10197	0.0000000
chr9	94721276	94721968	INV	0	0	692	0.0000000
chr9	99885727	99887723	INV	0	0	1996	0.0000000
chr9	105328118	105332536	INV	0	0	4418	0.0000000
chr9	107816812	107817348	INV	0	0	536	0.0000000
chr9	109978091	109978975	INV	0	0	884	0.0000000
chr9	113849195	113849535	INV	0	0	340	0.0000000
chr9	116419782	116420658	INV	0	0	876	0.0000000
chr9	116679288	116679587	INV	0	0	299	0.0000000
chr9	121411151	121411440	INV	0	0	289	0.0000000
chr9	125379135	125380572	INV	0	0	1437	0.0000000
chr9	125486167	125487565	INV	0	0	1398	0.0000000
chr9	126229250	126229777	INV	0	0	527	0.0000000
chr9	134395534	134398111	INV	0	0	2577	0.0000000
chr9	135523496	135562488	INV	0	0	38992	0.0000000
chr9	139224679	139227864	INV	0	0	3185	0.0000000
chr9	140184176	140227083	INV	0	0	42907	0.0000000
chr10	616990	625059	INV	0	0	8069	0.0000000
chr10	1634243	1638900	INV	0	0	4657	0.0000000
chr10	2237436	2239454	INV	0	0	2018	0.0000000
chr10	4721393	4722709	INV	0	0	1316	0.0000000
chr10	13104902	13105297	INV	0	0	395	0.0000000
chr10	15784798	15802449	INV	0	0	17651	0.0000000
chr10	16377669	16378564	INV	0	0	895	0.0000000
chr10	19536910	19540630	INV	0	0	3720	0.0000000
chr10	22119418	22119698	INV	0	0	280	0.0000000
chr10	26068374	26068635	INV	0	0	261	0.0000000
chr10	37386315	37398093	INV	0	0	11778	0.0000000
chr10	47689372	47690509	INV	0	0	1137	0.0000000
chr10	49459812	49480040	INV	0	0	20228	0.0000000
chr10	56528249	56529408	INV	0	0	1159	0.0000000
chr10	56767192	56773196	INV	0	0	6004	0.0000000
chr10	59558054	59561178	INV	0	0	3124	0.0000000
chr10	59885943	59886194	INV	0	0	251	0.0000000
chr10	62064545	62064992	INV	0	0	447	0.0000000
chr10	63089596	63089956	INV	0	0	360	0.0000000
chr10	69337368	69346661	INV	0	0	9293	0.0000000
chr10	75419625	75419927	INV	0	0	302	0.0000000
chr10	76504415	76505368	INV	0	0	953	0.0000000
chr10	77859325	77860661	INV	0	0	1336	0.0000000
chr10	82105972	82111236	INV	0	0	5264	0.0000000
chr10	85753648	85754056	INV	0	0	408	0.0000000
chr10	86636532	86637708	INV	0	0	1176	0.0000000
chr10	87243107	87245543	INV	0	0	2436	0.0000000
chr10	93104431	93110146	INV	0	0	5715	0.0000000
chr10	97860831	97863989	INV	0	0	3158	0.0000000
chr10	99779457	99781748	INV	0	0	2291	0.0000000
chr10	107248496	107250431	INV	0	0	1935	0.0000000
chr10	109018220	109024325	INV	0	0	6105	0.0000000
chr10	115171688	115172109	INV	0	0	421	0.0000000
chr10	119980788	119981619	INV	0	0	831	0.0000000
chr10	121160555	121166431	INV	0	0	5876	0.0000000
chr10	122460251	122463640	INV	0	0	3389	0.0000000
chr10	122621785	122623589	INV	0	0	1804	0.0000000
chr10	125481517	125494664	INV	0	0	13147	0.0000000
chr10	125838867	125842506	INV	0	0	3639	0.0000000
chr10	127190584	127197225	INV	0	0	6641	0.0000000
chr10	133076989	133080049	INV	0	0	3060	0.0000000
chr11	9379466	9382556	INV	0	0	3090	0.0000000
chr11	12897885	12946252	INV	0	0	48367	0.0000000
chr11	14899486	14900241	INV	0	0	755	0.0000000
chr11	15807991	15811740	INV	0	0	3749	0.0000000
chr11	18282672	18285589	INV	0	0	2917	0.0000000
chr11	24284649	24287923	INV	0	0	3274	0.0000000
chr11	24903953	24904869	INV	0	0	916	0.0000000
chr11	30185132	30187471	INV	0	0	2339	0.0000000
chr11	40962190	40962565	INV	0	0	375	0.0000000
chr11	41162296	41167044	INV	0	0	4748	0.0000000
chr11	44121284	44123973	INV	0	0	2689	0.0000000
chr11	50633731	50636140	INV	0	0	2409	0.0000000
chr11	55236966	55240004	INV	0	0	3038	0.0000000
chr11	59451457	59451896	INV	0	0	439	0.0000000
chr11	60027321	60043289	INV	0	0	15968	0.0000000
chr11	63130424	63131786	INV	0	0	1362	0.0000000
chr11	66018563	66019946	INV	0	0	1383	0.0000000
chr11	66361159	66362180	INV	0	0	1021	0.0000000
chr11	67171184	67176056	INV	0	0	4872	0.0000000
chr11	73477806	73479774	INV	0	0	1968	0.0000000
chr11	81916306	81923598	INV	0	0	7292	0.0000000
chr11	84133304	84138816	INV	0	0	5512	0.0000000
chr11	91143114	91143527	INV	0	0	413	0.0000000
chr11	93856630	93858500	INV	0	0	1870	0.0000000
chr11	96132680	96133051	INV	0	0	371	0.0000000
chr11	98844938	98848056	INV	0	0	3118	0.0000000
chr11	104630735	104631096	INV	0	0	361	0.0000000
chr11	104682857	104683209	INV	0	0	352	0.0000000
chr11	105572202	105574937	INV	0	0	2735	0.0000000
chr11	112163676	112168802	INV	0	0	5126	0.0000000
chr11	114729314	114730871	INV	0	0	1557	0.0000000
chr11	121596463	121602052	INV	0	0	5589	0.0000000
chr11	129390720	129392604	INV	0	0	1884	0.0000000
chr11	131065812	131066413	INV	0	0	601	0.0000000
chr11	133425102	133425750	INV	0	0	648	0.0000000
chr12	342988	344845	INV	0	0	1857	0.0000000
chr12	4386137	4387042	INV	1	905	905	1.0000000
chr12	7963806	7967858	INV	0	0	4052	0.0000000
chr12	12544792	12546607	INV	0	0	1815	0.0000000
chr12	18222087	18234133	INV	0	0	12046	0.0000000
chr12	24294901	24295482	INV	0	0	581	0.0000000
chr12	26990087	26991898	INV	0	0	1811	0.0000000
chr12	33244792	33250410	INV	0	0	5618	0.0000000
chr12	34733476	34739584	INV	0	0	6108	0.0000000
chr12	38317979	38318554	INV	0	0	575	0.0000000
chr12	39859981	39860368	INV	0	0	387	0.0000000
chr12	43774235	43774487	INV	0	0	252	0.0000000
chr12	47030460	47033410	INV	0	0	2950	0.0000000
chr12	47290470	47309756	INV	0	0	19286	0.0000000
chr12	50182518	50182964	INV	0	0	446	0.0000000
chr12	50420283	50420629	INV	0	0	346	0.0000000
chr12	51998046	51998938	INV	0	0	892	0.0000000
chr12	55109511	55112868	INV	0	0	3357	0.0000000
chr12	59753786	59758118	INV	0	0	4332	0.0000000
chr12	65656006	65667051	INV	0	0	11045	0.0000000
chr12	66804621	66812058	INV	0	0	7437	0.0000000
chr12	70680610	70682061	INV	0	0	1451	0.0000000
chr12	71532784	71533816	INV	0	0	1032	0.0000000
chr12	71709550	71710286	INV	0	0	736	0.0000000
chr12	71939913	71941572	INV	0	0	1659	0.0000000
chr12	87995438	87996970	INV	0	0	1532	0.0000000
chr12	91077852	91078203	INV	0	0	351	0.0000000
chr12	95333922	95334776	INV	0	0	854	0.0000000
chr12	95748866	95751157	INV	0	0	2291	0.0000000
chr12	95952404	95953744	INV	0	0	1340	0.0000000
chr12	96531673	96532573	INV	0	0	900	0.0000000
chr12	111168666	111169042	INV	0	0	376	0.0000000
chr12	111976293	111980018	INV	0	0	3725	0.0000000
chr12	115032170	115032515	INV	0	0	345	0.0000000
chr12	117256917	117257460	INV	0	0	543	0.0000000
chr12	117589827	117590320	INV	0	0	493	0.0000000
chr12	121339170	121339624	INV	0	0	454	0.0000000
chr12	121817251	121817768	INV	0	0	517	0.0000000
chr12	124084491	124085227	INV	0	0	736	0.0000000
chr12	124450161	124450548	INV	0	0	387	0.0000000
chr12	129774097	129780042	INV	0	0	5945	0.0000000
chr12	130401552	130410173	INV	0	0	8621	0.0000000
chr13	25802895	25803500	INV	0	0	605	0.0000000
chr13	35695357	35695650	INV	1	293	293	1.0000000
chr13	40173099	40175397	INV	1	2254	2298	0.9808529
chr13	43250652	43268592	INV	0	0	17940	0.0000000
chr13	43527605	43534749	INV	0	0	7144	0.0000000
chr13	44680691	44681643	INV	0	0	952	0.0000000
chr13	48773377	48780754	INV	0	0	7377	0.0000000
chr13	54724050	54724457	INV	0	0	407	0.0000000
chr13	55933164	55957944	INV	0	0	24780	0.0000000
chr13	57439866	57445185	INV	0	0	5319	0.0000000
chr13	57605088	57605565	INV	0	0	477	0.0000000
chr13	64995711	64996068	INV	0	0	357	0.0000000
chr13	65532961	65533383	INV	0	0	422	0.0000000
chr13	68960754	68961244	INV	0	0	490	0.0000000
chr13	71195484	71205877	INV	0	0	10393	0.0000000
chr13	72587484	72588715	INV	0	0	1231	0.0000000
chr13	74690947	74692141	INV	0	0	1194	0.0000000
chr13	75433850	75444101	INV	0	0	10251	0.0000000
chr13	77350934	77353944	INV	0	0	3010	0.0000000
chr13	78140600	78142173	INV	0	0	1573	0.0000000
chr13	78598776	78599771	INV	0	0	995	0.0000000
chr13	83901477	83905944	INV	0	0	4467	0.0000000
chr13	85529874	85538955	INV	0	0	9081	0.0000000
chr13	89455318	89457798	INV	0	0	2480	0.0000000
chr13	91437154	91437584	INV	0	0	430	0.0000000
chr13	91494014	91534622	INV	0	0	40608	0.0000000
chr13	94639461	94641217	INV	0	0	1756	0.0000000
chr13	98103902	98108956	INV	0	0	5054	0.0000000
chr13	98108529	98108883	INV	0	0	354	0.0000000
chr13	103201163	103201927	INV	0	0	764	0.0000000
chr14	24156541	24158608	INV	0	0	2067	0.0000000
chr14	25612393	25613838	INV	0	0	1445	0.0000000
chr14	28213854	28218784	INV	0	0	4930	0.0000000
chr14	28383263	28383517	INV	0	0	254	0.0000000
chr14	32944085	32947790	INV	0	0	3705	0.0000000
chr14	44691104	44691511	INV	0	0	407	0.0000000
chr14	46418242	46420874	INV	0	0	2632	0.0000000
chr14	48323979	48325261	INV	0	0	1282	0.0000000
chr14	49381901	49385434	INV	0	0	3533	0.0000000
chr14	50464213	50464769	INV	0	0	556	0.0000000
chr14	54421581	54422340	INV	0	0	759	0.0000000
chr14	59040648	59041618	INV	0	0	970	0.0000000
chr14	61842868	61852014	INV	0	0	9146	0.0000000
chr14	62256302	62257487	INV	0	0	1185	0.0000000
chr14	62822934	62823229	INV	0	0	295	0.0000000
chr14	65842304	65843165	INV	0	0	861	0.0000000
chr14	67170328	67171706	INV	1	1378	1378	1.0000000
chr14	72595933	72598856	INV	0	0	2923	0.0000000
chr14	76091264	76092626	INV	0	0	1362	0.0000000
chr14	90299469	90302505	INV	0	0	3036	0.0000000
chr14	94858933	94880998	INV	0	0	22065	0.0000000
chr14	96679020	96690666	INV	0	0	11646	0.0000000
chr14	101140387	101145894	INV	0	0	5507	0.0000000
chr15	23218717	23219289	INV	0	0	572	0.0000000
chr15	28248710	28249362	INV	0	0	652	0.0000000
chr15	31167927	31172003	INV	0	0	4076	0.0000000
chr15	38485197	38487302	INV	0	0	2105	0.0000000
chr15	44845259	44850706	INV	0	0	5447	0.0000000
chr15	46053854	46054298	INV	0	0	444	0.0000000
chr15	49761087	49766788	INV	0	0	5701	0.0000000
chr15	64264293	64265113	INV	0	0	820	0.0000000
chr15	65039948	65041749	INV	0	0	1801	0.0000000
chr15	71959398	71965721	INV	0	0	6323	0.0000000
chr15	74748347	74751791	INV	0	0	3444	0.0000000
chr15	75903289	75905321	INV	0	0	2032	0.0000000
chr15	86353380	86358709	INV	0	0	5329	0.0000000
chr15	90649579	90670018	INV	0	0	20439	0.0000000
chr15	92925840	92927180	INV	0	0	1340	0.0000000
chr15	96233128	96234708	INV	0	0	1580	0.0000000
chr16	1146763	1147186	INV	0	0	423	0.0000000
chr16	9702646	9703889	INV	0	0	1243	0.0000000
chr16	10837494	10838353	INV	0	0	859	0.0000000
chr16	29892595	29894336	INV	0	0	1741	0.0000000
chr16	35056107	35069631	INV	0	0	13524	0.0000000
chr16	48905214	48906249	INV	0	0	1035	0.0000000
chr16	49515689	49516116	INV	0	0	427	0.0000000
chr16	49946319	49954594	INV	0	0	8275	0.0000000
chr16	52597891	52609273	INV	0	0	11382	0.0000000
chr16	54630992	54637925	INV	0	0	6933	0.0000000
chr16	55918703	55920189	INV	0	0	1486	0.0000000
chr16	58251689	58252338	INV	0	0	649	0.0000000
chr16	69180603	69181542	INV	0	0	939	0.0000000
chr16	69761804	69762886	INV	0	0	1082	0.0000000
chr16	81198158	81200568	INV	0	0	2410	0.0000000
chr16	85188639	85189823	INV	0	0	1184	0.0000000
chr17	1175575	1182438	INV	0	0	6863	0.0000000
chr17	1327274	1332644	INV	0	0	5370	0.0000000
chr17	2640381	2645428	INV	0	0	5047	0.0000000
chr17	5594699	5595567	INV	0	0	868	0.0000000
chr17	8692844	8708787	INV	0	0	15943	0.0000000
chr17	11031103	11036574	INV	0	0	5471	0.0000000
chr17	12535411	12536418	INV	0	0	1007	0.0000000
chr17	26113784	26114338	INV	0	0	554	0.0000000
chr17	26700670	26705799	INV	0	0	5129	0.0000000
chr17	28949586	28951841	INV	0	0	2255	0.0000000
chr17	30335507	30339047	INV	0	0	3540	0.0000000
chr17	32975941	32979185	INV	0	0	3244	0.0000000
chr17	33181756	33182908	INV	0	0	1152	0.0000000
chr17	35775210	35775782	INV	0	0	572	0.0000000
chr17	39787726	39800876	INV	0	0	13150	0.0000000
chr17	40014183	40016883	INV	0	0	2700	0.0000000
chr17	40544159	40545037	INV	0	0	878	0.0000000
chr17	45349241	45365010	INV	0	0	15769	0.0000000
chr17	50929632	50935857	INV	0	0	6225	0.0000000
chr17	74177797	74179308	INV	0	0	1511	0.0000000
chr17	76846728	76847876	INV	0	0	1148	0.0000000
chr17	78469423	78473262	INV	0	0	3839	0.0000000
chr18	3167579	3171847	INV	0	0	4268	0.0000000
chr18	11509065	11511527	INV	0	0	2462	0.0000000
chr18	13589518	13592664	INV	0	0	3146	0.0000000
chr18	13802452	13805441	INV	0	0	2989	0.0000000
chr18	13918760	13919757	INV	0	0	997	0.0000000
chr18	25165873	25167868	INV	0	0	1995	0.0000000
chr18	26405226	26406200	INV	0	0	974	0.0000000
chr18	26511103	26514328	INV	0	0	3225	0.0000000
chr18	27879406	27879695	INV	0	0	289	0.0000000
chr18	36421004	36426516	INV	0	0	5512	0.0000000
chr18	39839179	39840224	INV	0	0	1045	0.0000000
chr18	45629687	45630144	INV	0	0	457	0.0000000
chr18	58372890	58373952	INV	0	0	1062	0.0000000
chr18	62363979	62364357	INV	0	0	378	0.0000000
chr18	64520849	64522377	INV	0	0	1528	0.0000000
chr18	64800399	64804602	INV	0	0	4203	0.0000000
chr19	5797211	5797691	INV	0	0	480	0.0000000
chr19	6093351	6096887	INV	0	0	3536	0.0000000
chr19	28515574	28523060	INV	0	0	7486	0.0000000
chr19	29885158	29885561	INV	0	0	403	0.0000000
chr19	33920952	33923316	INV	0	0	2364	0.0000000
chr19	37199447	37199829	INV	0	0	382	0.0000000
chr19	41144268	41145622	INV	0	0	1354	0.0000000
chr19	47187720	47191270	INV	0	0	3550	0.0000000
chr19	51498846	51499987	INV	0	0	1141	0.0000000
chr20	915667	928638	INV	0	0	12971	0.0000000
chr20	3962695	3963212	INV	0	0	517	0.0000000
chr20	9938625	9956233	INV	0	0	17608	0.0000000
chr20	10162926	10164435	INV	0	0	1509	0.0000000
chr20	12616989	12660112	INV	0	0	43123	0.0000000
chr20	20974671	20976163	INV	0	0	1492	0.0000000
chr20	32991073	32994222	INV	0	0	3149	0.0000000
chr20	38366469	38367239	INV	0	0	770	0.0000000
chr20	40333598	40336506	INV	0	0	2908	0.0000000
chr20	41971540	41972935	INV	0	0	1395	0.0000000
chr20	43305746	43312261	INV	0	0	6515	0.0000000
chr20	43964361	43965968	INV	1	1607	1607	1.0000000
chr20	49647082	49662290	INV	0	0	15208	0.0000000
chr20	58307903	58308507	INV	0	0	604	0.0000000
chr20	59474352	59474689	INV	0	0	337	0.0000000
chr20	59972998	59979159	INV	0	0	6161	0.0000000
chr20	60759679	60761237	INV	0	0	1558	0.0000000
chr21	20648280	20648747	INV	0	0	467	0.0000000
chr21	20649107	20649559	INV	0	0	452	0.0000000
chr21	23510669	23512399	INV	0	0	1730	0.0000000
chr21	24816116	24819992	INV	0	0	3876	0.0000000
chr21	24926922	24927873	INV	0	0	951	0.0000000
chr21	27374095	27374746	INV	0	0	651	0.0000000
chr21	28020653	28021711	INV	0	0	1058	0.0000000
chr21	28732109	28735712	INV	0	0	3603	0.0000000
chr21	32486575	32488474	INV	0	0	1899	0.0000000
chr21	38849987	38852277	INV	0	0	2290	0.0000000
chr21	43347765	43349133	INV	0	0	1368	0.0000000
chr22	27793113	27796835	INV	0	0	3722	0.0000000
chr22	36929109	36934298	INV	0	0	5189	0.0000000
chr22	39599478	39633829	INV	1	12101	34351	0.3522750
chr22	46342888	46345524	INV	0	0	2636	0.0000000
chr22	48872270	48876676	INV	0	0	4406	0.0000000
