chr1	33870510	34086547	[ 0.00019968         nan         nan]
chr1	74088398	74332880	[ 0.00019968         nan         nan]
chr1	74373853	74641099	[ 0.00019968         nan         nan]
chr1	89885299	90113117	[ 0.00019968         nan         nan]
chr1	194770750	194985993	[ 0.00019968         nan         nan]
chr1	230075255	230321976	[ 0.00019968         nan         nan]
chr1	238003942	238216124	[ 0.00019968         nan         nan]
chr1	242807013	243032937	[ 0.00019968         nan         nan]
chr1	247871833	248160090	[ 0.00279553         nan         nan]
chr2	314968	694521	[ 0.00039936         nan         nan]
chr2	315309	841550	[ 0.00059904         nan         nan]
chr2	17937146	18216823	[ 0.00019968         nan         nan]
chr2	32673976	32965429	[ 0.00059904         nan         nan]
chr2	39705078	39930345	[ 0.00019968         nan         nan]
chr2	57732112	57956605	[ 0.00019968         nan         nan]
chr2	58802534	59219776	[ 0.00019968         nan         nan]
chr2	86282713	86510932	[ 0.00059904         nan         nan]
chr2	121240725	121470526	[ 0.00019968         nan         nan]
chr2	121572973	121794938	[ 0.00019968         nan         nan]
chr2	122552887	122910213	[ 0.00039936         nan         nan]
chr2	122656507	122897167	[ 0.00039936         nan         nan]
chr2	125912035	126165461	[ 0.00019968         nan         nan]
chr2	129029046	129279181	[ 0.00019968         nan         nan]
chr2	129490150	129697515	[ 0.00019968         nan         nan]
chr2	132522461	132765006	[ 0.00019968         nan         nan]
chr2	167504609	167784872	[ 0.00019968         nan         nan]
chr2	178482855	178704685	[ 0.00019968         nan         nan]
chr2	212645589	212850273	[ 0.00019968         nan         nan]
chr2	213179699	213394515	[ 0.00019968         nan         nan]
chr3	7550753	7794490	[ 0.00039936         nan         nan]
chr3	27025369	27285480	[ 0.00019968         nan         nan]
chr3	27217588	27421081	[ 0.00019968         nan         nan]
chr3	37358299	37570384	[ 0.00019968         nan         nan]
chr3	37709974	37918448	[ 0.00019968         nan         nan]
chr3	41914946	42171186	[ 0.00019968         nan         nan]
chr3	62988224	63196657	[ 0.00039936         nan         nan]
chr3	76187088	76578831	[ 0.00019968         nan         nan]
chr3	89539815	89797083	[ 0.00019968         nan         nan]
chr3	89850276	90177384	[ 0.00039936         nan         nan]
chr3	117166590	117625159	[ 0.00059904         nan         nan]
chr3	120705527	121356606	[ 0.00019968         nan         nan]
chr3	130991200	131191202	[ 0.00059904         nan         nan]
chr3	134858617	135090769	[ 0.00019968         nan         nan]
chr3	141818647	142030660	[ 0.00059904         nan         nan]
chr3	183186625	183410607	[ 0.00019968         nan         nan]
chr3	197394524	197638445	[ 0.00019968         nan         nan]
chr4	63889117	64139415	[ 0.00019968         nan         nan]
chr4	68791289	69008212	[ 0.00019968         nan         nan]
chr4	73818584	74058231	[ 0.00019968         nan         nan]
chr4	81740416	82140390	[ 0.00019968         nan         nan]
chr4	93099792	93423943	[ 0.00019968         nan         nan]
chr4	116775190	116978184	[ 0.00019968         nan         nan]
chr4	117012519	117244731	[ 0.00019968         nan         nan]
chr4	122901628	123104964	[ 0.00019968         nan         nan]
chr4	124926445	125206843	[ 0.00019968         nan         nan]
chr4	140614080	140872746	[ 0.00059904         nan         nan]
chr4	157880098	158083853	[ 0.00019968         nan         nan]
chr4	175764366	175965438	[ 0.00019968         nan         nan]
chr4	176163982	176377488	[ 0.00019968         nan         nan]
chr4	177065909	177307632	[ 0.00019968         nan         nan]
chr4	186929857	187134219	[ 0.00219649         nan         nan]
chr4	188535967	188837647	[ 0.00059904         nan         nan]
chr5	4950685	5421029	[ 0.00019968         nan         nan]
chr5	13792100	14184282	[ 0.00019968         nan         nan]
chr5	13816947	14092729	[ 0.00019968         nan         nan]
chr5	26892727	27234012	[ 0.00019968         nan         nan]
chr5	29860379	30121293	[ 0.00019968         nan         nan]
chr5	30527565	30787848	[ 0.00019968         nan         nan]
chr5	31135050	31452135	[ 0.00019968         nan         nan]
chr5	32735996	32960283	[ 0.00019968         nan         nan]
chr5	34258998	34564136	[ 0.00019968         nan         nan]
chr5	34661891	34882683	[ 0.00019968         nan         nan]
chr5	38221667	38446117	[ 0.00059904         nan         nan]
chr5	39385249	39627532	[ 0.00019968         nan         nan]
chr5	41591881	41992855	[ 0.00019968         nan         nan]
chr5	42236816	42493136	[ 0.00019968         nan         nan]
chr5	61624018	61833468	[ 0.00059904         nan         nan]
chr5	156266556	156482065	[ 0.00019968         nan         nan]
chr5	158703831	158905328	[ 0.00059904         nan         nan]
chr5	164034726	164251255	[ 0.00019968         nan         nan]
chr5	178726268	178935685	[ 0.00119808         nan         nan]
chr6	17715610	17949453	[ 0.00059904         nan         nan]
chr6	28533516	28751023	[ 0.00019968         nan         nan]
chr6	29128515	29334555	[ 0.00019968         nan         nan]
chr6	62704592	62920556	[ 0.00019968         nan         nan]
chr6	90156288	90394830	[ 0.00019968         nan         nan]
chr6	101198060	101411646	[ 0.00019968         nan         nan]
chr6	104056023	104287477	[ 0.00019968         nan         nan]
chr6	115222670	115491537	[ 0.00019968         nan         nan]
chr6	129069774	129366135	[ 0.00039936         nan         nan]
chr6	129281305	129669766	[ 0.00039936         nan         nan]
chr6	129573864	129835294	[ 0.00039936         nan         nan]
chr6	130169321	130397723	[ 0.00119808         nan         nan]
chr6	141193473	141461494	[ 0.00019968         nan         nan]
chr6	160588961	160800892	[ 0.00019968         nan         nan]
chr6	161351815	161568053	[ 0.00039936         nan         nan]
chr6	162274215	162489106	[ 0.00019968         nan         nan]
chr6	167941586	168156763	[ 0.00019968         nan         nan]
chr7	2961317	3314341	[ 0.00039936         nan         nan]
chr7	14061369	14277015	[ 0.00079872         nan         nan]
chr7	15285714	15534529	[ 0.00019968         nan         nan]
chr7	25997981	26240339	[ 0.00019968         nan         nan]
chr7	31686147	31927714	[ 0.00019968         nan         nan]
chr7	47070504	47429321	[ 0.00019968         nan         nan]
chr7	47635793	48072120	[ 0.00019968         nan         nan]
chr7	56117100	56397217	[ 0.00019968         nan         nan]
chr7	133623157	133940410	[ 0.00019968         nan         nan]
chr7	133949793	134209489	[ 0.00019968         nan         nan]
chr7	149487134	149736289	[ 0.00399361         nan         nan]
chr7	153479955	153702587	[ 0.00359425         nan         nan]
chr7	158317822	158530875	[ 0.00019968         nan         nan]
chr8	196767	690082	[ 0.00079872         nan         nan]
chr8	4189407	4437928	[ 0.0009984        nan        nan]
chr8	4795505	5163019	[ 0.00079872         nan         nan]
chr8	4807910	5060247	[ 0.0009984        nan        nan]
chr8	14054820	14366809	[ 0.00019968         nan         nan]
chr8	20200833	20441209	[ 0.00039936         nan         nan]
chr8	126346296	126575731	[ 0.00019968         nan         nan]
chr8	138475895	138797271	[ 0.00019968         nan         nan]
chr8	140107246	140323055	[ 0.00019968         nan         nan]
chr9	252465	489287	[ 0.00119808         nan         nan]
chr9	319775	547052	[ 0.00119808         nan         nan]
chr9	6745216	6962830	[ 0.00059904         nan         nan]
chr9	17997359	18281754	[ 0.00019968         nan         nan]
chr9	80918404	81153779	[ 0.00019968         nan         nan]
chr9	92312198	92732652	[ 0.00039936         nan         nan]
chr9	115379103	115592882	[ 0.00279553         nan         nan]
chr9	134527127	134762646	[ 0.00019968         nan         nan]
chr10	6146661	6361141	[ 0.00019968         nan         nan]
chr10	29371871	29585430	[ 0.00019968         nan         nan]
chr10	37483620	37740789	[ 0.00019968         nan         nan]
chr10	79369487	79595193	[ 0.00019968         nan         nan]
chr10	86623452	86930338	[ 0.00059904         nan         nan]
chr10	86794536	87022939	[ 0.00019968         nan         nan]
chr10	90484737	90763064	[ 0.00019968         nan         nan]
chr10	107100763	107317898	[ 0.00059904         nan         nan]
chr10	116636290	116883372	[ 0.00019968         nan         nan]
chr10	118901368	119184715	[ 0.00019968         nan         nan]
chr10	122486271	122770533	[ 0.00019968         nan         nan]
chr10	127924952	128142477	[ 0.00019968         nan         nan]
chr10	133245153	133473311	[ 0.00059904         nan         nan]
chr10	134136386	134364854	[ 0.00019968         nan         nan]
chr10	134702516	134928191	[ 0.00039936         nan         nan]
chr11	12744011	12946642	[ 0.00019968         nan         nan]
chr11	21309970	21591587	[ 0.00019968         nan         nan]
chr11	26983712	27251286	[ 0.00019968         nan         nan]
chr11	31534573	31831106	[ 0.00019968         nan         nan]
chr11	73936645	74539988	[ 0.00119808         nan         nan]
chr11	74027538	74539358	[ 0.00019968         nan         nan]
chr11	86371765	86756607	[ 0.00019968         nan         nan]
chr11	93218472	93677483	[ 0.00019968         nan         nan]
chr11	99789700	100112804	[ 0.00019968         nan         nan]
chr11	106940899	107202602	[ 0.00079872         nan         nan]
chr11	107611704	107823923	[ 0.00039936         nan         nan]
chr11	108478680	108720005	[ 0.00019968         nan         nan]
chr11	132953768	133158580	[ 0.0726837        nan        nan]
chr11	132954727	133268340	[ 0.00019968         nan         nan]
chr11	134346368	134613348	[ 0.0009984        nan        nan]
chr12	73810891	74095489	[ 0.00019968         nan         nan]
chr12	84026755	84264603	[ 0.00019968         nan         nan]
chr12	109922814	110138659	[ 0.00119808         nan         nan]
chr12	124774314	125032964	[ 0.00019968         nan         nan]
chr12	129393888	129671876	[ 0.00019968         nan         nan]
chr12	130008238	130256986	[ 0.0672923        nan        nan]
chr12	130860279	131092219	[ 0.057508       nan       nan]
chr12	131626338	131842208	[ 0.00059904         nan         nan]
chr13	19789697	20013234	[ 0.00019968         nan         nan]
chr13	20181539	20483256	[ 0.00159744         nan         nan]
chr13	23483512	23707103	[ 0.00019968         nan         nan]
chr13	24585765	24955735	[ 0.00019968         nan         nan]
chr13	43488676	43843832	[ 0.00079872         nan         nan]
chr13	43488700	43868421	[ 0.00039936         nan         nan]
chr13	104492206	104902672	[ 0.00019968         nan         nan]
chr13	106780264	107180682	[ 0.00019968         nan         nan]
chr14	85018695	85292037	[ 0.00019968         nan         nan]
chr14	85942947	86153989	[ 0.00019968         nan         nan]
chr14	86835202	87177225	[ 0.00019968         nan         nan]
chr14	88929909	89130748	[ 0.00019968         nan         nan]
chr14	89878851	90082805	[ 0.00019968         nan         nan]
chr14	90084784	90421901	[ 0.00059904         nan         nan]
chr14	90848544	91074011	[ 0.00019968         nan         nan]
chr14	95790417	96019300	[ 0.00059904         nan         nan]
chr14	99743946	100066897	[ 0.00019968         nan         nan]
chr15	31110505	31330839	[ 0.00019968         nan         nan]
chr15	31363407	31617279	[ 0.00019968         nan         nan]
chr15	32060172	32271079	[ 0.00219649         nan         nan]
chr15	37406689	37670705	[ 0.00019968         nan         nan]
chr15	53887397	54200577	[ 0.00019968         nan         nan]
chr15	85822261	86177229	[ 0.00059904         nan         nan]
chr15	94567981	94796520	[ 0.00019968         nan         nan]
chr16	313247	555590	[ 0.00019968         nan         nan]
chr16	5007959	5357306	[ 0.00019968         nan         nan]
chr16	15796613	16096714	[ 0.00059904         nan         nan]
chr16	16102084	16308131	[ 0.00079872         nan         nan]
chr16	17573419	18025142	[ 0.00039936         nan         nan]
chr16	50688165	50888604	[ 0.00019968         nan         nan]
chr17	34920539	35265627	[ 0.00039936         nan         nan]
chr17	35117732	35481805	[ 0.00039936         nan         nan]
chr17	35766646	35970992	[ 0.00039936         nan         nan]
chr17	39054216	39275194	[ 0.00019968         nan         nan]
chr17	41438739	41655202	[ 0.00019968         nan         nan]
chr17	72237894	72448063	[ 0.00079872         nan         nan]
chr18	340957	547583	[ 0.00019968         nan         nan]
chr18	38786528	39335240	[ 0.00039936         nan         nan]
chr18	43576596	43788953	[ 0.00019968         nan         nan]
chr18	61669363	61952589	[ 0.00019968         nan         nan]
chr19	27839079	28640114	[ 0.00059904         nan         nan]
chr19	28682514	28891125	[ 0.00019968         nan         nan]
chr19	56354761	56587366	[ 0.00019968         nan         nan]
chr20	1607064	1841726	[ 0.00019968         nan         nan]
chr20	25085246	25344647	[ 0.00059904         nan         nan]
chr20	25102088	25348338	[ 0.00039936         nan         nan]
chr20	46789256	46995815	[ 0.00019968         nan         nan]
chr20	48226923	48473643	[ 0.00019968         nan         nan]
chr21	15467902	15711993	[ 0.00019968         nan         nan]
chr22	23440148	23657220	[ 0.00019968         nan         nan]
chr22	49508626	49909251	[ 0.00019968         nan         nan]
chrX	13949683	14156025	[ 0.         0.0005298        nan]
chrX	14147644	14366811	[ 0.         0.0002649        nan]
chrX	17246632	17497934	[ 0.         0.0002649        nan]
chrX	42060699	42284712	[ 0.         0.0002649        nan]
chrX	111667087	111936181	[ 0.         0.0007947        nan]
chrX	114059856	114424105	[ 0.         0.0002649        nan]
