Score	Chromosome	Start	End
0.4563	1	1	102656055	102861233
0.47230000000000005	1	1	106012275	106235113
0.5828	1	1	114053474	114409284
0.46504	1	1	114075868	114701532
0.45459999999999995	1	1	163978613	164291546
0.50616	1	1	189325961	189544439
0.5084600000000001	1	1	189327193	189545625
0.46168000000000003	1	1	195450774	196025651
0.46225999999999995	1	1	195456421	195679863
0.48028000000000004	1	1	198285722	198738212
0.44284	1	1	247123161	247343569
0.5033000000000001	1	2	15164830	15488647
0.53318	1	2	50853582	51080910
0.44160000000000005	1	2	78263800	78635554
0.4743200000000001	1	2	97742541	98066685
0.42800000000000005	1	2	106895495	107134210
0.48642	1	2	115155269	115483620
0.43444000000000005	1	2	116727450	117418991
0.44867999999999997	1	2	117499850	117741414
0.51134	1	2	135751759	136075430
0.49216	1	2	137949693	138251250
0.44306	1	2	152427990	154686227
0.50858	1	2	162477168	162742754
0.43045999999999995	1	3	427457	923439
0.46869999999999995	1	3	3999128	4202019
0.4782	1	3	59874119	60144792
0.41506	1	3	75423612	75642120
0.43777999999999995	1	3	104101586	104784210
0.47791999999999996	1	3	115838877	116085721
0.5639799999999999	1	3	116508325	116718547
0.48308	1	3	154691694	154914007
0.48654000000000003	1	3	155060788	155292019
0.5166000000000001	1	3	155200756	155409638
0.4697799999999999	1	3	158549548	158785269
0.4328200000000001	1	3	163158528	163410210
0.5063599999999999	1	3	165447770	165661430
0.46392000000000005	1	3	166010208	166418186
0.44676	1	3	194313045	194519814
0.42076	1	4	3897463	4171386
0.4526800000000001	1	4	11626333	11860393
0.43432000000000004	1	4	32138454	32348215
0.48031999999999997	1	4	36112912	36505453
0.43428000000000005	1	4	56422734	56694730
0.5015799999999999	1	4	98725483	98941424
0.45167999999999997	1	4	105744959	105988099
0.43576	1	4	127428048	127701663
0.4662799999999999	1	4	131252379	131480233
0.4667199999999999	1	4	144748101	144978826
0.47350000000000014	1	4	171860435	172075914
0.47474	1	4	175944881	176191325
0.4469800000000001	1	4	178525772	178847333
0.4528600000000001	1	4	179867819	180075849
0.46082	1	4	188264979	188551921
0.45294	1	4	189130696	189512937
0.45339999999999997	1	5	21021822	21269432
0.42096	1	5	79053510	79317369
0.44794	1	5	79697937	79898752
0.41357999999999995	1	5	99415701	99712038
0.4347999999999999	1	5	101238959	101485159
0.43974	1	5	110320750	110598179
0.61086	1	5	115414541	115636855
0.47866	1	5	124329542	124743466
0.4408200000000001	1	5	124416590	124624990
0.43792	1	5	143966334	144260397
0.47515999999999997	1	5	147406147	147738703
0.42238	1	6	180946	734275
0.39416	1	6	800445	1239636
0.44454000000000005	1	6	4252800	4454360
0.5842799999999999	1	6	38237680	38506071
0.43309999999999993	1	6	57522093	57934476
0.37062	1	6	68232134	68451944
0.47081999999999996	1	6	95386903	95588558
0.4265199999999999	1	6	135840435	136042705
0.4332999999999999	1	6	140390828	140598548
0.47488	1	6	140638722	140894926
0.47702	1	6	141897404	142155150
0.44554	1	6	153969687	154183054
0.48991999999999997	1	6	162665614	163002170
0.48416	1	6	162808787	163085596
0.40671999999999997	1	6	164691186	165331664
0.56526	1	7	22136974	22352003
0.5327000000000001	1	7	22142833	22544755
0.45708000000000004	1	7	29036752	29249070
0.4795999999999999	1	7	29359376	29591930
0.4177999999999999	1	7	33770269	34471888
0.4043	1	7	64641395	65152420
0.5064199999999999	1	7	72413420	72711976
0.55698	1	7	73504792	73813060
0.48286000000000007	1	7	76131530	76631591
0.5781799999999999	1	7	110905610	111173793
0.51836	1	7	110974903	111286879
0.46424000000000004	1	7	117906929	118126354
0.45654000000000006	1	7	119291491	119515883
0.46319999999999995	1	7	125839058	126063951
0.53238	1	7	146229511	146495773
0.387	1	8	5877940	6141405
0.40831999999999996	1	8	6035596	6239092
0.43377999999999994	1	8	7085462	7537934
0.46892000000000006	1	8	8759173	9022613
0.4830400000000001	1	8	17347529	17595058
0.472	1	8	43429207	43727938
0.5037	1	8	51067037	51374067
0.4628400000000001	1	8	112170611	112408021
0.45859999999999995	1	9	11347309	11623122
0.4553	1	9	11732199	12016115
0.44220000000000004	1	9	11750067	12080970
0.44223999999999997	1	9	11830785	12112987
0.43836	1	9	11868685	12185017
0.43355999999999995	1	9	12043403	12257929
0.43292	1	9	12112125	12343454
0.45382000000000006	1	9	12288511	12588779
0.51674	1	9	28132256	28467445
0.5325400000000001	1	9	28533657	28735699
0.41723999999999994	1	9	68690487	69029274
0.40987999999999997	1	10	19060819	19269071
0.5129999999999999	1	10	19825563	20035698
0.42688000000000004	1	10	37730822	38054265
0.51342	1	10	68161377	68516719
0.5041599999999999	1	10	68170438	68402817
0.48782000000000003	1	10	91568742	91800746
0.42135999999999996	1	11	48377258	48970501
0.43079999999999996	1	11	55055145	55335774
0.44906000000000007	1	11	67506342	67735719
0.47816000000000003	1	12	21069193	21486864
0.42063999999999996	1	12	33572894	33857080
0.4651199999999999	1	12	84653589	84860266
0.42144000000000004	1	13	64092323	64528935
0.44889999999999997	1	13	70923321	71123472
0.45004	1	13	105350008	105565248
0.42746000000000006	1	14	27478499	27708115
0.40284000000000003	1	14	41194646	41460040
0.41146000000000005	1	14	46425917	46698338
0.44778	1	15	24355021	24708945
0.46134000000000003	1	15	24512581	24729309
0.46740000000000004	1	15	24568570	24776081
0.41723999999999994	1	15	30371370	30840547
0.41922000000000004	1	15	46060392	46262541
0.5436399999999999	1	16	6939023	7194105
0.59054	1	16	47257820	47486395
0.38192	1	17	14684809	14907694
0.5655600000000001	1	17	63715123	64045308
0.3730399999999999	1	18	14071665	14280343
0.44812	1	18	37796616	38291210
0.47284	1	18	64082024	64335663
0.47374	1	18	66508132	66725045
0.46104	1	18	67066128	67456195
0.41030000000000005	1	18	68217900	68467243
0.39552000000000004	1	18	68432722	68735031
0.45658000000000004	1	18	68741164	69007845
0.4624	1	18	69012512	69251241
0.44830000000000003	1	18	69164747	69449809
0.37858	1	18	71503729	71908457
0.5868399999999998	1	18	72413815	72766710
0.41484	1	18	72779480	73456184
0.43666	1	18	73674396	73921548
0.47334000000000004	1	18	73925346	74149560
0.42152	1	18	74744804	75077655
0.43757999999999997	1	18	77559861	77914915
0.45768000000000003	1	19	20649858	20861769
0.5085200000000001	1	19	43292178	43562867
0.5167200000000001	1	19	43292577	43790778
0.5349799999999999	1	19	43507917	43753420
0.5495	1	19	43568391	43783626
0.59138	1	20	14665989	14963760
0.5854600000000001	1	20	14672650	14875718
0.6252199999999999	1	20	14904254	15175425
0.46378	1	20	60029292	60260957
0.4772799999999999	1	X	6553786	6810498
0.40743999999999997	1	X	6595308	7515400
0.43667999999999996	1	X	22698248	22921088
0.44172	1	X	86932640	88168710
0.45558	1	X	86990326	87382210
0.46873999999999993	1	X	94788004	94988129
0.4730199999999999	1	X	140322707	140657766
0.46974	1	X	154110804	154607929
