Score	Chromosome	Start	End
0.50936	1	1	33870510	34086547
0.35557999999999995	1	1	74088398	74332880
0.35157999999999995	1	1	74373853	74641099
0.5788999999999999	1	1	89885299	90113117
0.37654	1	1	194770750	194985993
0.5906	1	1	230075255	230321976
0.4394	1	1	238003942	238216124
0.445	1	1	242807013	243032937
0.37173999999999996	1	1	247871833	248160090
0.41542	1	2	314968	694521
0.41468	1	2	315309	841550
0.49938000000000005	1	2	17937146	18216823
0.5474399999999999	1	2	32673976	32965429
0.58464	1	2	39705078	39930345
0.38738000000000006	1	2	57732112	57956605
0.4393000000000001	1	2	58802534	59219776
0.6110800000000001	1	2	86282713	86510932
0.48073999999999995	1	2	121240725	121470526
0.45558	1	2	121572973	121794938
0.44748	1	2	122552887	122910213
0.4183800000000001	1	2	122656507	122897167
0.28502000000000005	1	2	125912035	126165461
0.46246	1	2	129029046	129279181
0.40881999999999996	1	2	129490150	129697515
0.4248200000000001	1	2	132522461	132765006
0.33244	1	2	167504609	167784872
0.44038000000000005	1	2	178482855	178704685
0.3633799999999999	1	2	212645589	212850273
0.45217999999999997	1	2	213179699	213394515
0.38052	1	3	7550753	7794490
0.39278	1	3	27025369	27285480
0.45114	1	3	27217588	27421081
0.5118400000000001	1	3	37358299	37570384
0.48954	1	3	37709974	37918448
0.66136	1	3	41914946	42171186
0.32924	1	3	62988224	63196657
0.3883	1	3	76187088	76578831
0.37235999999999997	1	3	89539815	89797083
0.39526000000000006	1	3	89850276	90177384
0.33618	1	3	117166590	117625159
0.47662000000000004	1	3	120705527	121356606
0.53876	1	3	130991200	131191202
0.39808	1	3	134858617	135090769
0.4769	1	3	141818647	142030660
0.5540400000000001	1	3	183186625	183410607
0.6556	1	3	197394524	197638445
0.27454	1	4	63889117	64139415
0.46712	1	4	68791289	69008212
0.4912599999999999	1	4	73818584	74058231
0.42576	1	4	81740416	82140390
0.4117	1	4	93099792	93423943
0.40144	1	4	116775190	116978184
0.35395999999999994	1	4	117012519	117244731
0.45052000000000003	1	4	122901628	123104964
0.41064	1	4	124926445	125206843
0.51744	1	4	140614080	140872746
0.43138	1	4	157880098	158083853
0.35608000000000006	1	4	175764366	175965438
0.39298	1	4	176163982	176377488
0.55576	1	4	177065909	177307632
0.41922	1	4	186929857	187134219
0.3698	1	4	188535967	188837647
0.39825999999999995	1	5	4950685	5421029
0.56682	1	5	13792100	14184282
0.52194	1	5	13816947	14092729
0.36818	1	5	26892727	27234012
0.33482	1	5	29860379	30121293
0.32161999999999996	1	5	30527565	30787848
0.45808	1	5	31135050	31452135
0.4276	1	5	32735996	32960283
0.48434	1	5	34258998	34564136
0.5922799999999999	1	5	34661891	34882683
0.39572	1	5	38221667	38446117
0.50548	1	5	39385249	39627532
0.47964	1	5	41591881	41992855
0.41078000000000003	1	5	42236816	42493136
0.55922	1	5	61624018	61833468
0.4149999999999999	1	5	156266556	156482065
0.45698	1	5	158703831	158905328
0.35158	1	5	164034726	164251255
0.44932000000000005	1	5	178726268	178935685
0.5808800000000001	1	6	17715610	17949453
0.54644	1	6	28533516	28751023
0.37093999999999994	1	6	29128515	29334555
0.29	1	6	62704592	62920556
0.55674	1	6	90156288	90394830
0.4881800000000001	1	6	101198060	101411646
0.35755999999999993	1	6	104056023	104287477
0.29634	1	6	115222670	115491537
0.4107	1	6	129069774	129366135
0.43282	1	6	129281305	129669766
0.44094	1	6	129573864	129835294
0.4497400000000001	1	6	130169321	130397723
0.34096000000000004	1	6	141193473	141461494
0.40054	1	6	160588961	160800892
0.5151600000000001	1	6	161351815	161568053
0.37244	1	6	162274215	162489106
0.43194	1	6	167941586	168156763
0.40316	1	7	2961317	3314341
0.38456	1	7	14061369	14277015
0.3509	1	7	15285714	15534529
0.6912	1	7	25997981	26240339
0.39908	1	7	31686147	31927714
0.44988	1	7	47070504	47429321
0.5136200000000001	1	7	47635793	48072120
0.5195200000000001	1	7	56117100	56397217
0.43728	1	7	133623157	133940410
0.61364	1	7	133949793	134209489
0.43472	1	7	149487134	149736289
0.34342	1	7	153479955	153702587
0.4673400000000001	1	7	158317822	158530875
0.4079200000000001	1	8	196767	690082
0.3189000000000001	1	8	4189407	4437928
0.31928	1	8	4795505	5163019
0.3198	1	8	4807910	5060247
0.29828	1	8	14054820	14366809
0.3484999999999999	1	8	20200833	20441209
0.7376199999999999	1	8	126346296	126575731
0.31151999999999996	1	8	138475895	138797271
0.40954000000000007	1	8	140107246	140323055
0.47565999999999997	1	9	252465	489287
0.4623000000000001	1	9	319775	547052
0.5732200000000001	1	9	6745216	6962830
0.35996	1	9	17997359	18281754
0.4795	1	9	80918404	81153779
0.42408	1	9	92312198	92732652
0.6169800000000001	1	9	115379103	115592882
0.5948599999999999	1	9	134527127	134762646
0.6567799999999999	1	10	6146661	6361141
0.44987999999999995	1	10	29371871	29585430
0.34967999999999994	1	10	37483620	37740789
0.5614600000000001	1	10	79369487	79595193
0.3257	1	10	86623452	86930338
0.29852	1	10	86794536	87022939
0.6156	1	10	90484737	90763064
0.31958000000000003	1	10	107100763	107317898
0.51902	1	10	116636290	116883372
0.54208	1	10	118901368	119184715
0.4758	1	10	122486271	122770533
0.37334	1	10	127924952	128142477
0.36019999999999996	1	10	133245153	133473311
0.5323399999999999	1	10	134136386	134364854
0.45022	1	10	134702516	134928191
0.57192	1	11	12744011	12946642
0.30056000000000005	1	11	21309970	21591587
0.51874	1	11	26983712	27251286
0.45791999999999994	1	11	31534573	31831106
0.5520999999999999	1	11	73936645	74539988
0.5468799999999999	1	11	74027538	74539358
0.6143599999999999	1	11	86371765	86756607
0.5395	1	11	93218472	93677483
0.3654	1	11	99789700	100112804
0.3916	1	11	106940899	107202602
0.57914	1	11	107611704	107823923
0.52274	1	11	108478680	108720005
0.34058	1	11	132953768	133158580
0.37752	1	11	132954727	133268340
0.39308	1	11	134346368	134613348
0.35004	1	12	73810891	74095489
0.35416	1	12	84026755	84264603
0.5839000000000001	1	12	109922814	110138659
0.51992	1	12	124774314	125032964
0.40435999999999994	1	12	129393888	129671876
0.36506000000000005	1	12	130008238	130256986
0.43294000000000005	1	12	130860279	131092219
0.42112	1	12	131626338	131842208
0.3874000000000001	1	13	19789697	20013234
0.55464	1	13	20181539	20483256
0.40679999999999994	1	13	23483512	23707103
0.46362	1	13	24585765	24955735
0.49334	1	13	43488676	43843832
0.48762	1	13	43488700	43868421
0.33637999999999996	1	13	104492206	104902672
0.5824199999999999	1	13	106780264	107180682
0.33444	1	14	85018695	85292037
0.5166	1	14	85942947	86153989
0.35598	1	14	86835202	87177225
0.5287200000000001	1	14	88929909	89130748
0.46659999999999996	1	14	89878851	90082805
0.5052000000000001	1	14	90084784	90421901
0.60692	1	14	90848544	91074011
0.6500199999999999	1	14	95790417	96019300
0.5680000000000001	1	14	99743946	100066897
0.5341600000000001	1	15	31110505	31330839
0.45877999999999997	1	15	31363407	31617279
0.38582	1	15	32060172	32271079
0.44436	1	15	37406689	37670705
0.29462	1	15	53887397	54200577
0.6371200000000001	1	15	85822261	86177229
0.47336	1	15	94567981	94796520
0.69048	1	16	313247	555590
0.44874	1	16	5007959	5357306
0.58402	1	16	15796613	16096714
0.5996	1	16	16102084	16308131
0.39957999999999994	1	16	17573419	18025142
0.56718	1	16	50688165	50888604
0.5554600000000001	1	17	34920539	35265627
0.54078	1	17	35117732	35481805
0.6865399999999999	1	17	35766646	35970992
0.6332	1	17	39054216	39275194
0.6337999999999999	1	17	41438739	41655202
0.48932000000000003	1	17	72237894	72448063
0.39206	1	18	340957	547583
0.34976	1	18	38786528	39335240
0.6748200000000001	1	18	43576596	43788953
0.39788	1	18	61669363	61952589
0.4102200000000001	1	19	27839079	28640114
0.2839	1	19	28682514	28891125
0.37884	1	19	56354761	56587366
0.6298600000000001	1	20	1607064	1841726
0.64564	1	20	25085246	25344647
0.6468	1	20	25102088	25348338
0.41104	1	20	46789256	46995815
0.76274	1	20	48226923	48473643
0.40356	1	21	15467902	15711993
0.6211599999999999	1	22	23440148	23657220
0.44206	1	22	49508626	49909251
0.46641999999999995	1	X	13949683	14156025
0.39972	1	X	14147644	14366811
0.48316	1	X	17246632	17497934
0.37554	1	X	42060699	42284712
0.35388000000000003	1	X	111667087	111936181
0.42069999999999996	1	X	114059856	114424105
